1110110000100001
0111101011011000
0011000001100000
0101011101101000
1110011010011100
1001110011000010
1011101010111100
0011100100101100
1111011100001100
0111101000010001
1101111011101011
1010111010011100
0011110111100110
0011000011010000
0101101010000010
1101000011111110
1100111010001011
0011110011111100
1111111100011000
0010001111010010
1110100101011100
0101110100011001
1101101000100010
0101111011000000
1010001111001110
0101001010101111
0110111100101010
1111010111001100
0011111000001000
0100101001100001
1010010000001001
1110000110110111
0000011100101100
0110001000001001
0110111111010010
0101101111101011
0111001010101001
1101001011101100
1100100011001110
1110111110000001
1110101101000100
1100110000110110
0010001101001011
0111010000100101
0000011111111111
0010000000110010
0101010110111011
1111100010111100
0010100101111111
1101111001100111
0110000010000011
0111101001011000
1100111101101001
0011011110010111
0110110011010101
1011110010101000
0011110000101010
0111100011111011
0001000111010110
0010101100101001
1001010101110101
1010010010000011
1111100011100101
0100101101110001
0100000001111100
0101000110110100
0110010101000100
0101000001001010
1011011011011010
1111101100011100
1010111111000001
0101010001101011
1110010100000110
1110101110001101
0000110101000000
0011101010110111
0111011000101100
0100010100101000
1101100001010101
1110111101111101
0111010100101111
0110101111101111
1010001010010111
0110001011101000
1000011110110001
1110111001011010
0110100010100011
0001111110100111
1101001000101011
1111100100000110
1010011110100001
1101000010110010
1110101011100111
1111010001001100
0110110110010000
0101110000111110
1101101111000100
1111111010110111
0100101000101111
0111011110001000
0100100010001101
0010100111100101
0100011110111011
0011000111000111
1100101010011001
1101001111011111
0000101001000101
0110100110101001
0100101011100001
1110101001001110
1101111100101101
1101010000111110
1011101101100101
1111000010000011
0111001111101111
1101011101011110
0111100000110110
1111100111011101
0000111000111111
0101111011100000
1010010011001000
0111110110011101
1001010000101110
1111101011001010
1100111001001001
0111000001011011
0010101100001111
1110100011000010
0110101100010101
0101110010010111
1100100110101101
0010010010100000
1010110011110110
0111000101010001
0101100011010111
1000111100110000
1110100111111100
0100111011011011
1010001101100000
0100100010110111
0111100011010001
0100010001011001
0101000010010110
0100110111000110
1100011000011001
0010010011111110
0011000010001100
0101101101000111
1110010001111010
1111101111111111
0110000100000001
1111010100000011
1100000000101111
1011010110001110
0100011000000100
1101111001000111
0111100001110000
1000101111000101
0110101111000111
1010001101010010
1111010101010001
1001110101000100
1100111001101010
0111111100010011
1111100110101001
0010001001100010
1100110111010010
1011110101001111
0010111111100000
1010110011010111
0011101100000100
1010111010110110
1111011111010010
0110001100000100
1011010000001111
0110100111011111
1010001001100001
0111100010001110
1010111111000001
1110100000010110
0110001000101101
1100111100010100
0101111011011000
0101100011110000
0100101101010101
1100101011011001
1010010100010101
0100111100101111
1100101111010100
1101010100111001
0101110100011111
0100110000111111
1111001100101010
1111011011011001
0100101001100001
1100100101000011
0011100011010000
0110100100010011
1100100000100111
1110111011101000
0111011010000111
1101110100110101
1100000010100100
0100000001001000
0010001011011110
0100111110000011
1110111111111010
0111101101010110
1001111010011001
0100110000011011
1101011001100100
0111010000011001
0110011010011100
1111011101010101
1010111000010111
0101010100101001
1001000100000101
1101010000011110
0101000010001001
0110101110000010
1110001101011111
0110100110100100
0101101100101101
1011111110110110
0111100100001000
0000111000111001
0110101100110011
1111100000010111
0111010011111010
1010001000011111
1101010011000001
0100111000010101
0111010010101011
1000101000110110
1101101111101001
0111011000101100
1110010001101000
0100011001110100
0110000010010000
1110101110111100
1001100101110110
0101111101101101
1110001000100101
0111001010011000
1101010011000110
0010000111000100
0100000011101001
1011101000100011
1010101000000001
0111001011001101
1100110011000110
1010111101110110
0010011000100100
0110010011101101
0100111100010101
1101010001010110
1001110000110110
0111010000010110
0110111101010011
0111100111011110
1110101101000010
1010001101001010
1100110000101000
0111000110100000
1110100000000110
1101000010101001
0000011110100100
1111101010111010
1111110011010111
1001001101000100
1001011000100011
0110011101000011
0101100011000010
1011010000010110
0111010101010110
0010110100110011
1100110011101010
0100011000111100
0010000111100101
1111010011111101
1001110001100011
0011110110110001
0110110101010001
0010010111000000
0110100111000000
0110010100011111
0110000111111001
1110011111001001
0101110000111001
0011100011111111
0011000010100001
1110111100101011
0010100100000111
1010101010011100
1110000101010110
1101111110001001
1111111000111100
0110001010000011
1100000100000000
1110010000110010
1100100010101000
1100011101001001
0111100100101001
0110001101001010
1110010111100000
0101100000000000
0101111001110000
0010110100001101
1101000001010000
0011111001010101
1111001001110000
0010111111000101
1010100100011011
1011010010010000
0101110100000010
1001101000011001
1000100100100110
1111101000011000
0111010001100101
0000110010010111
1101011011001001
1110100010010010
0100100111111000
0110011010110001
1111000000011011
1101110010011100
1100011010110000
1111101001111111
0111100110101000
0010111011001010
1111010000011001
1100001111001100
1111000100000100
0101011010010101
0101010110011110
0011001000100101
1111100101110000
1110100011101010
1110010101000010
1110010101101110
1100000111100100
1010011011110111
0111010000011101
1010100101010110
1111101001001100
1010010111001101
1111101110000011
1100101101011010
0101110011101010
1110101010111101
1100001011011111
0101001100110010
1111111100111101
1100001101011010
0111001110100000
1010001000110111
1111010111100110
0110110010111000
1000100001110010
1110010111011000
0011010111101010
1010110011100001
1111000001000000
0110001000101111
1011111000001011
1011011001000101
0111110010111100
0101001010001001
0011011100110001
0110010100011011
0010110110111111
0111100101010100
1111010011100001
1110101011110011
1010110000000010
1000111111000010
0101111101010001
0111100100001011
1111011001000001
0111010001000010
1100110101011001
1011100100101000
0110110011101110
1100010001001101
1110010111011100
1110011100111011
1110100010001110
0111001101101000
1100101011001111
1100101011001100
1100101000111001
0010101001100110
1101111011011111
0101101001111000
1111100000100100
0111010011010110
0101101100011101
1101011000101011
0001000100011000
0011101100010011
0010111000110011
1001101110101110
0111101100100001
0001101110001011
1110111101000000
1110000010111100
0110110001111001
1110010001001111
0111111010001000
1101001000111011
0110010111101100
0110111100000011
0100110111011010
1011111101010010
1101011000110000
1001100111001111
1100001010111110
0111110101000010
1100111101001111
0111110010000001
0110111111010001
0110011011001100
1010100000100100
0111111000001111
1101001111010100
1110101100000100
0101011100000011
1110001010011001
1101011110011100
0110011101010001
1111100011011001
1011111010100011
1111011010000101
0101000110010100
1111110100100111
0011111010010001
1100010001101110
0010110101000001
0101111010000011
1110110010101000
1101010110011101
0011010011010011
1101110000010111
0101010100001011
1100010111001000
0001111010101110
1111011000000100
0111100111111100
1111110001011100
1001100110001011
0110101001110001
1110001011101001
1011110000001110
1010000010011101
1111010101001011
1110110100001011
0100010111010001
1110001110111011
0101000011010011
0101011111010101
0110101001010101
0110001111110001
1110011111001110
0110100110100000
0010110110101110
0100100111100000
0101101010100010
1011101001011011
0010100110001101
0101111101100100
1011001111111100
1011001011011111
0110001001000000
0001110101010000
0111110010000101
0100111000011101
0011000110001100
0101100000100011
0101010000100000
0100000000011111
1111000111110011
0001110001110101
0010000101110000
1011100000000000
1111100111100001
1100111001011011
0101000011101111
0011101000100110
0101101010100011
1110001111011001
1111010100011010
1111010000111100
0101100001001000
0111110010011101
1111000000010011
0100110111110110
1101011110011001
1001101011100110
1110011110000010
0001110011110000
0011001001011000
1110100111011001
0010010110100011
1101111001111000
1100010010100010
1110110100000110
0011000100001100
1111010111001111
1110100101110100
1010000101101110
1110101000001101
0100110100111110
0110100101011101
1011001000101100
0110001001101001
1011010011110001
0011101011010101
0100010110010100
0010000111000100
1100111101100110
1111110100111101
1101001001000100
0111111001010101
0001110101110101
1111111001010011
1111100101110101
1101010011001001
0110010010011111
0100110100001011
1100010001000011
0010110101101011
0011111101011001
1000101000000101
0011010111010011
1001111101101110
0110101101011011
0010010001001100
0101111110001011
0110010101110001
1100110100111110
0100001110101000
1111011001111111
1100111110110011
0110000111111101
0011101101111001
1101110011111001
1111000000000011
0010110111111000
1010110100000001
0110011111111111
0111001011101011
0101111011001010
0111111000001111
0111101100011100
0111010100111010
1111111010000110
0000100111101100
0110010110010011
1110110001110001
1011001101001001
1100100001110001
1111000110111001
0111001011010011
0111011111100000
1101000110011111
1000111110110010
0100111111011101
1101001111110000
0010100100001111
1110011011000001
0110100101111000
1101110011010000
0111001111101100
0101101001011101
0001111110101100
1110111110010110
1111100111101011
1110110001101101
1101001100010110
0110110010100111
1101110111011001
1101101000101111
1101100111100011
1110100010011100
1111110010100110
1011100010110011
1111101101101000
0111100111101101
0101110111110100
1100010010000001
1110110101100000
0110101000001110
1010000101001110
0111110110000000
1011011001101111
1111011000110010
0100110010010001
1100000001010000
1011101111101000
1101000001111000
0100101001010100
0000011011101101
1110001011101101
1011110001000001
1101000001101101
0110011010000001
1100010110110110
1101000110000000
1101001101110001
1110100010100010
0100000011101011
0110001001011010
0101110111011110
1001101001011111
0100010110111100
0111110110101111
1110101001100111
1110100110101011
1111110000100100
1111100100001111
1000011000101101
1110000100110110
0111111001100110
0110110000111011
0111100101011101
0101011110111011
0110101110011010
0110001001010011
0011101110100000
0001100111111001
0101100110011000
0010110111000111
1110111100001100
1110011100000000
0111001110011000
0101000101111111
1011001001100000
1101010100111000
1011111101101100
1011111101101011
0111011001011110
0111010010111101
0010010101111011
1110101011111101
0100001011011010
1100011110101011
0110011100001110
1101011010110000
0101000000111011
0011101000100101
0011100111110101
0010100101001100
0110010110000100
1100100110110011
1111000110100101
0000110000110111
1110110011010100
0110110010111100
0110001010111100
1101100011010000
1100001101101101
0000000101011100
1110100110001110
0011011000110110
1100001110011111
0100010101001010
0110111111100010
1011101000110010
0011011100000100
1110001101010101
1100011000110000
0111001101101111
0010110000000100
1110000110111100
1001010111101111
1110011111001010
1101011010110011
0100110101100010
0111110010011110
1110000001110101
1101001100010011
0101010001110101
0111101001001000
0011010001010100
1001010101100001
0110010100001101
1000111000010011
1111100110000000
1111001010110110
0100010111100100
1110101110111001
0111100010001110
0110001000110010
0111000011101111
1010111100010111
0111001101001001
1101011000001101
0100011000101101
1011110110100010
1101101001010011
1100010111010000
0100101010011101
1101101000101111
1001011101101111
1100101000110011
1111001100100011
0001111110100001
0111010110000001
0111101100011000
0101001000111010
0111011001010001
0110001101101100
0100110101001001
0100001101111001
1101101010111110
1100101011001011
0110000001100100
1111011101001011
0101000010100101
0101100001010110
0111111001001110
1101100010000001
1010011100010001
0111000011010001
0010101101011101
1010011010100110
0011000000000011
1100110010100111
1110100010000110
0101011111000111
0010100101011000
0101111001011101
1101100000010101
0110000011100010
1101111000011111
0111011000010011
0011111101111011
0110100000011010
1101101101000011
0110111011000100
0111101011110011
0100010110011101
0110111100001110
1100111011001000
0011010000010100
1010011010011011
0111110001110100
1111010011010001
1111101011100100
0011101010010001
1111011000100110
1111110101100010
0011100101000000
1110110000011100
1101001111001011
0111110001010100
0111010001111100
0010010111100001
0100101001010010
0011010000101111
0101000011000101
1101011110100111
0110111011111011
1101000010001111
1011010110111100
1111000110010110
0111011101110111
0010100010011011
0110110101110111
1110110101001101
0110111111101001
1111001100110100
0111111011001010
0111101110001000
1111001001011110
0101111000000000
0010111010001101
0111011010110110
0010101111101011
0110101100110110
1101110111011111
1010011000001100
0100111010100110
1111010111000001
0101111111111110
0100111010100101
0010011001111011
1010011100000010
1111000111111101
0010001111011111
1101011010101010
0110000011110111
1101000111001110
1110110001000000
1100010110111010
1010101101000100
0001110001110100
1110110101011101
0101100111001010
1111100111000100
0010100101000100
0101101010011101
1011101000010111
0010000110011100
0110010110111101
1110110110100100
0001010011001000
0000100011000010
0101101101011001
1101100100101010
0111110101110001
0101110001111100
0101001101000111
0110011101000111
1100000111010110
0111011011011110
1010110100001101
1011010110101011
0101010111011111
1110000001111011
0010100000000111
0010001100000111
0101010101000101
0010011010001100
1110000010110110
0100001000011110
1011101011010000
0110101101101100
1111011110011101
1110011011101111
1010011010110000
1111001010010101
0011000100101000
0101010011101101
0110111011001001
1100111111111111
1000110000001010
1111110111001100
1001111110100010
1011011101011100
0010110100100110
0111000000101111
0101100001111001
1110111101101000
1111101010010000
0100111000110000
0110111100111010
0011110001000000
1001101010000100
0111101101101111
0110001111000101
1111101011110100
1110101000101001
1111010011100100
1101100111110111
1100110001011110
0110000111100011
0010100101010100
0100111010111011
0101111111000000
1111110000100100
1100011000000110
0101000000110100
1100001111000101
1101001001101100
1011010101010110
1111011001101001
1110011011100000
0001110000001111
1101000011001101
0101000101111100
0011101001110110
0101010010011101
1110100010000100
1111101101101010
1011110101010100
1101111000011001
1110100110001100
0001011000101101
1111011010000001
0101010000111100
1001111010100100
1100101010100110
1101101010101010
1110000101000110
0010011110010111
0101101110101001
0010000000010100
0101110111011100
0111000001000110
1100010000110111
1110111101011110
1111001111000000
1101101110100001
0110011001001000
1110100001010101
1110101101101000
0110001010111000
0111011110100000
0111011010001110
0111111101100001
1011000011010011
1101100111010010
1110111001000101
1101001010000111
0101110000111101
1100010011110101
1111100011101110
0110011100111110
1101110010001111
1101110110111100
0111111001011101
1110111000001100
0011101010010001
0010101000101011
1010100101110100
0110111011101101
0110100110000100
1100000001101110
0111000000010010
0010011011001000
0110100100011110
1110000110100001
0110111100111101
1110111100110100
0101110001110100
1111110110000100
1100010000111111
0111011010100000
0111001101111001
1111110011000100
0110001110001001
0001010010110100
1100010111000101
0100101110000001
0111100010011001
0101111010100100
1110001101101001
1111111010110110
1110010011000111
1110011100111001
0100011000110001
0111101110110000
0111000111000101
0100010111001010
0010110010000010
0000101010100101
0111110011001110
0011001010011001
0001110011000111
0101000000011001
0101000000100001
1111011010111110
0110111010110101
1011101100100001
1110110010010000
1110100010101011
1011111001011111
0010110101001111
1100111011101100
1111110111000001
1011000001001001
1111111010101110
0100111111000101
1111101111001111
1101111111111011
1110110000010001
0111110110111100
1001110000001000
1101100000101101
0110010101000011
1011101011001110
0111101110010011
0110100101101111
0101110111100010
0110011001011001
1110111110001101
0110011100110111
0001100001010011
1100101100100001
1000100100001101
0111110101011010
0101101111110010
1101000001001100
0111010010011010
0110010111011101
1101000011111110
0110101010110010
0101000011000101
1011010001111010
0010011001101001
1101111110110001
1011110110111100
0111100010101010
1110101010010110
0111011101000111
1010101110010010
0010000111010101
1100111000100101
0100011000010111
0110011110011001
0110111001011010
0110010110110111
0011101101001010
0011101001000110
0110011111110111
1111110101001000
1110001000001111
0100111000010001
1101000001000000
0110011100011011
1110011100100011
1011010001011111
1110101001111001
1010111101001000
0100111101101111
1101101001010011
0111101010011001
1111100111101100
1111100000011001
0110001101011010
1011110001000100
0101000111011110
0011011010100111
1110110010111111
0000101100010100
1101000001110000
1111010111000101
0100111101111110
1110011100100011
1110111010000001
1110111101110100
0110000110111001
0011100011111101
1010111100011000
0100001011111010
0111010110001010
0110011101100001
1111001011100011
1111101111110001
1001010010101101
1110010010010011
1110100111111110
0010100000100111
1110100011111010
0111000101111011
0110010011000000
0111110100110000
1100011110110100
1010000110011010
1111101110001111
0100101010010000
1110110110010111
0010111011110111
0010110011110000
1100110010000000
0011111011001011
0101111011101111
0101001010101111
1011011011011001
0100111001110100
0101101100100011
0100000010001101
0110001101101100
0001101110000000
0010010110011111
0110011100000101
0100111101010011
1010000110100010
1111000011010111
1110101010111001
1111010011010010
0100110011101110
0101101010111001
1101101010010100
0110001010000011
1110101101101111
0100110111000010
1101110001000111
1101101110001010
1111100000011100
1111000101011110
1100100000010101
1100110111010000
1110110111001111
1101000100001100
0111100111100010
0110111110010111
0100000111011010
0111111100101100
1101001100010110
0110010010110010
1110000000110101
1011111100001000
1010010011111010
1101000000000111
1001100100010010
1110101111001010
0010010010111110
0101110100100100
0100001011100001
0101100111101100
0111000110011111
0111010100011011
1101010110011000
1110001111010011
1110101110100001
0110110001000001
1111101010001000
1011000101000110
1101010111101010
0001011010100001
1100000011101011
1110101111001000
1101110011100110
0001101110111101
0110110000101001
1101100110010101
1011111010001111
0111100011101000
0010101000011110
1100110010010011
1111110100100111
0111110001011101
1101001110000110
1101100100111001
0011101100100111
1111100111100011
0111011110011100
0110110101011000
1101001000111100
0100001011010001
1101010100110110
0011001000111100
0110000000000001
0110010110011001
1100111101111100
0110111110101110
1111111001101111
1100110011101110
1101000110001110
1110110100100001
0110011000011001
1101111001011111
0011000000010100
0101100111010110
1111011001101100
0100111101011100
1011011000000101
1111001010000000
0101110011111010
0100011000011100
0011111000100101
1111011001001101
0111011100010001
0011100111111010
1111101110000000
0100010100101110
1100111111011110
1100010101000111
0010100001111110
0011100101000100
1111100011101101
1001110000010101
0111000000011011
1100001101000001
0100101110110110
0110000100001100
1101011100010111
1010110010010001
1101000010100000
0010111110010001
0111110011001001
1011000011101001
1110100000101000
0101010110100101
0011110101001000
1110101010111001
1110111101111101
1011101001011000
0101101101110110
0101100000000100
0011110000101101
0011011000111001
1101000101010011
1011011000011111
1010110000100001
1011001011010110
0101110100011111
0101010111111000
0101111011101100
0101000100011111
0001100100100101
0111010011110111
1111011010010100
1111111101101010
1111011001100000
0111011010000000
1111101000001010
1011111100100110
1011100001101011
1001101001001101
0110110110011100
1101101101011100
1101111100101011
0011101010111000
1011010011001101
0111011101111010
0110011001110001
1101101000101011
1101110100000010
1111001111111110
1001101100011101
0111010011001000
0100110100000101
1011101011110101
0101101111100110
0111010100110011
0011000111010110
1101110010100110
0110110111010100
0001001010010001
1111000010010110
1111101010010000
0110101011011001
0101111010010111
0100000111110001
0111111000100111
1111010011100110
1110000010010100
1011010001101010
1111000010100111
0011110011000011
0111001111000000
1101111100011100
0111100011000011
0010010010000000
1100100010011001
1100100011001110
0110101110011111
0111011010000111
1011100000110011
0110001110110010
0101101110100011
0011100111111010
1101101101000001
1111100001111001
0111011110111100
1100000000110011
1011111111111010
1100110100111001
1101010111110011
0011011001011000
0101110100101010
1100010000111100
1110001010111010
1111110010000000
1010111010001011
1101000001011011
1111111101110100
1011111010001101
0010101011010100
0100110101011011
1111011110010111
0110001010101011
1101101100110000
1101000111101010
1011100010110110
1111101000101110
1011001100110011
0010101101000001
0110100110000101
0111010000000000
0000000000000000
1110110111011011
0101110101100100
1011110011110010
0101010100011000
0010101110101010
0100111100010100
1101100101101000
1110011100101010
0100111000101000
0111101010000001
0010010001100100
0110101000011000
1110010110011011
0101001001010101
0111101010010011
0101010001010110
0111001101101100
0100111100010101
0100001001011111
1101111010011000
1011101110100000
1110000100110000
0111100001010110
0101011010010101
0001001110000001
0010010100010100
1101110100011110
0100011100011110
0011001100001010
0100000001001000
1111000111010100
1110010000101100
1111111001001111
0110110010101101
1101100101110100
1101100001000111
0100111001111000
0101010100001110
0101001001010000
0111000010000100
1111010010110011
1101000001100000
0111000011111101
1010001101101000
0101110000011110
1110011101101010
1110001011010101
1100111110100011
1111000100100001
0011011111001010
0111000000110011
1011110000110011
1110001000000100
0110101001101100
0010111100101100
1110100011001100
1101101000001011
0111000111111010
0101010000011101
1011011101011001
0100111011011001
1001001111001001
0111110000010101
0100110100110010
1111011101011001
1010110001010100
1100110000101010
1110000111110011
1110111100001111
1111010111010100
1011110111000100
1111010100100110
0100000000000111
0101000000011101
0101111111101110
1101100000101011
0110111101001100
0010111000111010
1011110010011100
1110000111011010
1111101101010100
1101011011001010
0010110110000100
1011100000100011
0111110100011100
0011101101101110
0100111001011101
1100001111000001
1111011010111000
1110101100000111
1100011101000100
1011001001001011
1011111000000100
0011000000000000
0111000110111011
0100100000000011
1010010100010001
1011000011011111
0101010011111000
0110100100111010
1111001101001000
0011110010000011
1110101001001110
1100100010001011
1110111001110100
1110101000001000
0011010101001000
1111011100011011
1100001000010111
0111111010011111
0010000111101101
0100010011000101
0010001111100011
0011011111110011
0011101111001010
0101010101110100
0011000100111011
1111101011110101
1011010110011110
0101110000111001
1100101101101100
0101110110011011
1011100100011110
1110111001111010
1011111000011111
1110011101000101
0110111000100101
1110000011010011
0011111100110000
1110100101110110
1110100011000101
0010100110101100
1110100001111111
0111100001010010
1110000011101101
1101111001111101
1111010111001000
0111000111100100
1100011000101001
1100011100000010
0101011000111010
0101111011111001
1011010111010111
1011010001101000
0111101100110000
1110001101111110
1011100011101000
0110111101000101
0100110101010000
1011011111000010
1101111110100100
1101011101111001
1000110101011001
1100110011101111
1010101101110111
0111001111110000
0110100101000011
1110000111101000
0011100010110111
1101101110011110
0111100010110110
0011101000110010
1011101101100110
0110110111101000
1100110100010100
0111111100001001
1111101000100010
1010011001101101
1100001001010111
0110000110010111
1100011010111100
0101010101011111
1011110011000101
1101111111110000
1001111001110110
0101001110010110
0010101010010111
0111100100100010
0111101010011101
0111000101001111
1110011110100011
0100001011001010
1110101010101011
0111010101000010
1111001110100011
1101001000101100
0100011000011101
0100011011110010
0011011110101100
1000010000010111
1101001001110110
1110101011101110
1111110110101101
1100001110100000
1101110010000100
1101011000110011
0100001000111000
0010101110000000
0101000011011101
0111110111010010
0010101000111101
0111110001110010
1111110001110000
0101001010000010
1101101011011101
0101100110110000
0101111001100111
0100111000011000
1111101000011000
1011110101001101
1001011001001110
0101110101000101
1100111101101101
0011110100111110
0010111000010101
0100110001110101
1101111100011000
1111111001100110
1111011011000100
0011101101011000
0110000000010011
0100011001011000
1110011111001110
1001110101110011
0111101111101000
1110001110110111
0110001110100000
1010100100001101
0001010110001111
1010011001110010
1110100011110100
0101000101010000
1101001110100001
0110011010111101
1100100010101001
0111010111011111
0101011101110011
1101000011100100
1110101001010101
1101100000110100
1111101101010110
0100011010010110
0101100111000010
0111010011110001
1110001101100001
0101011001110010
0011001001110011
1100110111100111
1110010110110011
0111111011111100
1100110011110111
0111010001110101
0101101100011110
1110010110110000
1100001001111101
0110000111010110
1111010001101110
0101000011010001
1101111100101110
1111110110111110
0110100000011000
1110011001111010
1110100111111000
0110011100010001
0110100110000011
0100010001110001
1110010001111001
0100101000011001
1110111101100001
0011110000011010
1101010101101101
1000110110111110
1111101000010001
1111110010101011
0110100011110011
1111000100001010
1100000010010100
1010000111000110
1000110001111110
1011001000111011
0010011001110110
1110110001001111
1100000110100100
0101111111010010
0101110010001110
1110110101011010
1110011110111011
0011001111100010
1101100001001011
0100010101010000
1111011000110011
0100001100000010
1111010000010010
1110101101111001
1111101011011011
0100110011100101
0010010110111001
0100001111101110
0001110001000000
0111111010010000
1011011110100100
0111011011000000
0100101000001010
0100101010001000
0110010010010101
0101011000010101
0111000011000001
1101101100111001
0001100001110000
0101001011001000
1110010101010010
1111101010111110
1110010001010110
0010110100000111
1110101101110100
1111101011111000
0100011000000101
0101111101101011
1110110101000101
0111111001011001
1110100101000111
0011111010001100
1100001010010111
0011110001101010
1001110101111010
1111001001001111
0111011011001001
1111110100100011
1010100110101010
0111000001011110
0111100010001010
0111011101101110
1101101101110011
0111001111001010
0110010111111000
0111110111010001
1101000010000101
0110011011010101
0110011111110100
1110110101001111
0110001100110111
1100101110101001
0001111110101110
1111000111111000
1110001100110011
0101111001011100
1011100110100011
0001111000011011
0110100011100011
0110110010010110
0110101111001110
1110110001111001
1011110111111011
1001100011000111
1101101000011101
0100011110101101
1011000010000101
0111011100010101
1111111001111100
0100010110010110
1101110111110011
1010101001001010
1111110001101110
0110010111001010
0101010000101101
0110001001011101
1100010111010000
0101100100001101
0010111000010111
0111111011100010
1011111100000110
0110000011110010
0011010011101110
1100111110010011
1010100111001001
1110011111010011
1111111010011010
1111001011011000
0101110011101010
0101011000001010
0100101100110101
0101011001010011
1111100110010000
0111101000010010
0111110001110100
0111010101010011
0010010010010000
1011100110110101
0101110000111101
0001110001101000
1111001011101101
0101010111001000
0111000110010000
0100111100110110
0110010011000100
1100011101001000
0101011000001100
1101001000100011
1100110011110000
0101001101110111
1001001000010011
1101010010101111
1111100110110111
0001111001000111
0111101000100011
0001110001001011
0101100111111101
1001101111000000
0101000100101101
1101110110100110
1101010110010000
0111101100011110
1101011111001111
1001111000000111
0011111100001000
1111011111110001
1001011101111011
1011111101100101
1001101110100000
0010110010110111
0111000101001011
1011111000010111
0011101001111101
1010001100111000
1101101100010001
0010010011100001
0010001011010010
0011001001101011
1111001011110001
1110011010111011
1010111111100001
1010010010111011
0100010111101111
1100011000111011
0011101011100100
1011100101010011
0100011001000111
1111011111111101
0101100111010001
1110100011001111
0111010110110010
1111010111111010
1100111110011111
0011100000100100
0101111000111011
1011110110111010
0110001010111000
0111001111011000
1101100001010011
0011110110010001
0101110001000001
0111101111000100
0100000011101101
0011101100111101
1101101001100000
1010101111011111
1010000101000000
1111011001111101
0100011100100100
1011110011111001
1100001000101001
0111100001010011
1111100010001101
0101001000100100
1100000000100111
1100101011101111
1011101001110100
1100011101001011
0101010011001010
0100011000000010
1111101100010000
0010110100010110
1110010011011011
1001011010110100
0100001101100111
1011101000001011
1100100011100010
0110011011101100
0110011010010011
1101011001111110
1110000010010001
1001101110101100
0110110001101010
0110111111111010
1110011110100101
0111100100001100
0100000001101010
0111010011001000
1110011010011110
0110110011101010
0100111000010011
1010010110100011
1101101010101101
0011110101100111
1100100111001101
1110011011100011
1111000010100000
1011111100010100
1111011010010011
1111010010001101
1011110101111010
1111001001011110
1001110001001010
0101011110111100
1100101110110110
1010100110100010
1111101001001010
1111100101010010
1110111001100100
1111110001011000
1101011001000000
0110010111110011
0111100100001100
1111001000111001
1111001001010110
1010101010101000
0010000000011111
0100010000101111
0011010100100010
1111101110001110
0100001111110110
0111000000110010
1110110001001010
1101000111001111
0101100100101011
1101101100001111
0101110110101000
1101110111100001
1011001001111001
1110101101101101
1001111111000110
0111010011110100
1100101011000101
1110001101000000
1111111011100110
0110000111101100
0111000101010110
0011110000001110
1110111100000000
0011011010110100
1010110100110010
1110111111110010
0101111011101011
1110010100110000
1100100001111001
0110100110101110
1100010100011010
1110110000010110
1111101010111000
1110001000100101
0111110010100101
1110001011000110
1110000110100000
1110101110101001
1011011100000101
0111010001011000
0001110011111101
0001001011101111
1111000111000111
0101010011110101
0001100111000111
1101010110010111
0011110110010001
1110011011010111
0100011100111010
0110101111100101
0100110111111101
1001110000111101
1101010011100100
1011010000100011
1101000001001000
1101001011001010
1100010110001100
0100000000001110
1100100100110110
0101000010001000
1010000100001001
0111100000011001
1100100110000011
0011000111010010
1010001011001010
0111010001001110
1100010110111011
0011001111001001
0110001111011000
0010110101100010
1111000010010011
0101101110101010
0110111010000110
1001100010011110
1010011110111011
1101000010111001
0110011101101010
0010110001011000
0010100111100001
1111010110111000
0100111100010100
1101111100100100
1100101011100111
0110010010011100
0001111001000000
0110111011011001
0101110011000010
1011011111100111
1001111100010000
1111000101100001
1101000101111001
1111100100110101
1111110101100101
1100100110110000
1000100010110100
0111011010100010
0101010011011011
1110001110101011
1111111010001011
1101100110010000
0111001000001110
0010110100010111
0100101010100011
1111100001111001
0110110110001111
0101110101001100
1110001011110100
0101011111111110
0011011010011110
1110001011101010
1010010001101011
0111111001110110
1010111110101001
1110011110101110
1100110011110000
0111101010011100
1110000010010100
0111110010101110
1010100110100000
0001011111010110
0111110000001001
1110101110001001
1001110101001001
0010101000111100
0101100101111010
0111010000101001
1111110110110010
1010110001110111
0011001010011101
1110010100101011
1111010100111110
1100011100111011
1110000001101100
1110010000111010
1111110011100110
0111101001010110
0110110111111011
0110110100100011
0110001000110000
0110010000110001
0010011111100101
0111000101001000
1111010101111101
1100010100111100
0010101110000000
0110111101111101
1100110100011010
0101000011011011
1101000001100111
1101000000001111
1110010111001010
1011001110000011
1111100111111101
0111000100110100
0111000111011001
1111011001011101
1011101010001110
0111010011110100
1111001110111011
0111111001110001
0111100110011010
0101000010100100
1010011010001001
0010110111001000
0110011100100110
1111011011010110
1110001000000111
0001101100111001
1110010110001001
1100010000111100
0111000101010101
0111101100000101
1110011110101110
1100111110010000
0011101101010111
1101111010100100
0111001100010000
0101110001101000
0110010011111001
1101011101001100
0001000111000101
1011110111011101
1100011010110010
1111101101001101
0111001010100010
1101000111110111
1110010110001100
1101111001110101
0011010101000000
0101101001011001
0011111000101111
1010001010100111
0011110011010110
0010010001110000
1110111010100011
1110111111001100
1011100010101101
1110110101000110
0011111011100101
0101010110011011
0011100111110111
1010101000011111
1111010001110100
1101111111100110
0101001010011111
1110010000110010
1101110100111110
1111101010101111
1110111111011101
1111100000011100
1100110110110011
0111011101100000
1110110000001101
1011000110110000
0111010110110010
1101111111011111
0111101001011000
0110101010111011
1110001101100110
1111011101101100
1011100011000110
1101110111010010
0011010010110001
1000010111101101
0110001001110011
1011100000101001
0111010100001000
0000111111101110
1110010111011011
0100110001010010
0110111011011110
0110101010011010
0010100101000100
1111110100000111
1111010001010001
0110010100010000
0101011100001010
1101110010010101
0110001100000101
0110010100000100
1011000011100000
0101101011000111
1111100001111110
1100101101011000
0101000110001010
1111110111000011
0100011100011111
0110011011111001
1101010000100111
1011101001011011
0100111100011010
0110110000011000
0110001110010101
1101101011010111
1111010101000001
1100001111101001
1101111101101111
1010110001101000
1110010101000011
0111110000100000
0010101110001001
1101001010011101
1110100001101110
1111110111101110
0110000010101010
1111000011010000
0100100011101100
1100001010111111
1101100100100000
0110010101001011
1111111000001001
0110010101010001
0111011010110001
0101101111110000
1111010011000011
0111000000011111
1111110001111110
0111001000101000
1111110001011100
1111011011101111
0111000110100111
1100010111100010
0111101000000001
1000110000110100
0111111100000100
0001111100001000
1011100000111101
0101100101101001
0100101111111101
0110010011010100
0101001010001100
0100111000110010
0101100011010001
0100011111001111
1110101111101011
0111000000110000
1011101011000110
0111001010000110
1100011010010001
0100011010011000
1110010001000001
1101100011011101
0100111101100000
0110010011101110
0111011010101010
0001000001000001
0011001010110001
1110001111010101
0011101001001010
0111111010100011
0111100111000000
1011111100100001
1110011101011001
0101011011001110
1011000001001000
1010101100010111
0100100101101010
1101110001101011
0101001011011000
1110100101111100
0111011000101010
0100000011111011
1101001100111111
1110110001101000
1011111000100011
1111100001000011
1111110010111001
0110101111111101
1010111000110111
1100000100011101
1011001011010000
0100111000110100
1110111110010101
1110110000001001
1101100111100111
1110100000000000
1101101001011100
0111100010011101
1011110101100000
1011110000001011
1011000000010010
1001000110011010
1100011101001101
0101011110011011
1000110011101101
0011010111001010
0101101001111001
0100101100000000
1010111000111011
0110101110100100
0110011111110111
1011011000110111
0001011110000110
0110110111011110
1001100010111111
1101101111010111
1111100000001110
0101111111100011
0111101011101111
1110010010111001
0001011100111100
1101111011011110
1111111000100000
1011110010110000
1111011100011110
1111101100010011
0110000110100100
0111011010111000
0100100010011000
1110110111001011
1101010011010010
0100010000100111
1011001000010100
0111110101110001
1111111011101010
1101111111111001
1110011011011101
0101100101101000
0010001010011011
0111001011001011
1110111101111111
1111100100101000
0001011110001000
0110101001111110
1111000010110110
0111100001000111
1101100100001111
1100111111010110
1101110101110111
0101101011000001
1100100111000000
1100100100111110
1101010000110000
1100110101111001
1110100101111111
1111110011100100
0100000010110110
0100110010001000
0101011101111111
1011100101111001
0011010110100011
1111000100111100
1101110000110100
1110111110100000
1110011000011110
1010100000011110
1110001100010110
0110111100110110
1111011011100100
1101111001101110
1001001100101111
1111011000010111
1011100110010010
1101000101010110
0111101010100001
0110111111111011
0111101100000100
0100101011110001
0111011111110111
1011001010011010
1100101110111000
1100011011000101
0101111111100010
1010100111001110
1111011110100111
1110111001000101
1010110001000101
1111011010001111
0100011110101101
0100110010011101
1001101101100100
1111011011100100
1101011111010110
0110101110111101
1100010101011011
1011111000000111
1111101000000001
0101101000010011
0111010010011001
0010010101100001
1110010111101011
0010101011111111
1111000011011011
1110101111110101
0111001111100001
1101100110010100
1011111110111101
0101010111000000
1110110011010000
1111010110001111
0001011000001000
1111001101101111
0101001011000110
1110011011000001
0110010000100101
0110110011001110
1010011101011001
1010010000000101
0101110010010010
0100000100010010
1011101010100110
0110101111000000
0101010011110001
0010011111011000
0100100110010001
1111111011011110
0100101001100110
1110000001100010
0110110100101000
1100010101100101
0111100110111000
1101100010111100
0110011100111001
1001100001100101
0100001011111101
0100100010010011
0011111011000110
0101001001101111
0111100000110101
0110001101101010
0100111011101111
1111101011101101
0011101001010110
1110000101101001
0111101111111001
0100111100011011
0010010001101010
0101100010111101
0100001100101101
0111011001001011
0111111000100001
0110000110010010
0110100101011100
1111101100000101
0110101110100111
1011011101100110
1110101101100111
1000101110010001
0110001000010010
0100001111101011
0110011111011001
1101101110110101
0101000111010111
0110011011101101
1011011110101100
0110000110000011
0111110000101111
0111100100111001
1010111011011110
0100110010111001
1010111011010110
0010111100011110
1101100101010101
0101111101001010
1110101111001100
1110011101011000
0101000110100111
0101010011110000
1110100001110010
0101000010111101
0101100000001010
0011000001111001
1101110100001000
0011101010101100
1101100001011001
0110111000011100
1010011101110110
0011101010001100
1100110110100010
0101000011100111
0010111111111101
0101101101111101
1111110011010100
0010100101011111
1111010110001110
1110100111100010
1111001010001000
1111010001111001
1110000110101111
1101101110101000
1100011000000110
0000100001011000
0111111001101000
0100111010011010
1011100011111000
1110000110110100
1110100101101110
0110111111110001
0111011101110110
1011101011111000
1111110000011000
0000110110011100
1011110100011110
0011011001111000
1101110001011110
0111011000000000
0011000100110000
1000000111110010
1100110101111010
1100000001110111
1010001010000100
0111100000111001
0110100000000001
0011000110100000
1101000111110010
0001110101100111
1111110100011111
1101010100111101
0101001010100000
1111100011001001
1100010001110101
0111010001110011
1011001001101110
1110011100100101
1111111000011100
1100100110110101
1110111101010100
0001011011111100
0101110001010011
0110010100101000
0101111001001100
0111110110111101
0100010000101111
0111000000000110
0111101101000011
0110000100001100
0010011000100010
1110010111111001
1101111000101001
0100011010001011
0111111100100101
1111101011110101
1011101111010100
1111011011000011
1011100110000001
0101011100101101
1011010101000011
0111111010011111
0011000000111101
0111111000111011
1100111011110100
0101000011011001
0110100101111111
1110010101011111
0011110111100011
1111100010010000
1101101011100110
0010101001100010
1100000111011010
0111101110011010
0100110001010001
0110011011111101
1111101100000010
0111110011111101
0010110100000010
0110001100101111
1011101011001010
1100010001001110
0001110110010011
0100101100000110
0100111001101110
0111010000000000
0111111011101101
0110111011001001
1110011111101000
0100001101100000
1011010101101000
1101011011100100
0110101000000000
1110111100010000
0010101010010101
1100011010110001
1101010101110011
1100011101000000
0001110111110111
1000111010110111
0010000110110010
1101000011010100
1001111011000101
0110101010000001
1110101100010010
1110110110010010
0111101010100011
0111101000110100
1101001100011111
1011000011011000
1001111000001011
1100000001000100
1110001100100101
0100010101100010
0101011100000101
0101011100001001
1100011100100000
0111101100001101
0100001110110011
1111100101101000
1110001011110111
1001100001101101
1011100000001000
1110100001100110
0110101100001010
0110110101001000
1110101000001000
0100000000111000
1111101010000111
0110110011010000
0110110111100110
0110111001110000
1010110011010010
1101110100000110
1000101100011101
0010100101010001
1101001110100110
1100101000010001
1110001011001101
1011111111010111
0011010111101010
1110010100001111
1111101100010000
1101001000000011
1111100010001111
1111111010010111
0100000010111101
0010111100100011
1101011111011101
1111001010110001
0111010110000111
0110101011100001
0110001111101100
1101111100110110
1110110101101101
1010001001101111
0110010110110111
0101101011100010
0011011000010000
1101110101010010
0110010000110100
1010001101001011
0110110011011111
1101001111111011
1100011001001110
0111010111101011
1101100011001100
1110101110101011
0100111000011010
0111110011111010
0101101101111011
0110010110011110
0100000000001000
0001101010101101
1100000011011100
1110100110011100
0100111000111010
0101000000001011
1100100101010111
1101000001000000
0111101110011011
0111100010011010
0100010000001100
0111011111011110
0111111011111011
0111010100010101
0100100010110000
0111000001011110
1110110010100011
1100010100010100
1111011011010110
1110100101001100
0110000000111000
0010011110101100
1110000111000011
0100110001011010
0100010110100100
1001101101101011
1100111110000100
1111010101101110
0101001100111100
1010111001111111
0111110101101001
1111000000110011
0101101010110110
1010010001101001
1111001011111110
0111101100010011
1010111000110010
1111110010000101
0101000011101101
0010100011011111
1100001001101000
0101001110100111
0101011101000000
1001010111101100
1110100101000110
0111000101010100
0101011010000101
1011111001101110
0111101101011101
1101110011110001
1101000100111000
1101100110101101
1110000001100100
1010101000100101
1111001010000101
1110001011010110
1011101000000010
1100111001011100
1111110010000010
1101011100111101
1101000010011011
0010010000001011
1100010000011110
1100010110101100
0111011001100101
0101000010110110
0111111100101110
0011111001011010
0010111000011011
0011101011011101
0100111100011111
1110101001011100
0100110101011111
0101111011001101
1110110001001100
0011100000111110
1101001010110001
0001011110101100
1001100001101110
1100101011000101
1011110011000101
1110001110100101
0111000011011001
0010000100100001
0111101100010111
0111110100011011
0000101010111001
0010111000011001
1100011001000010
1011010101110100
0001100110001111
0110010000011011
1011100010101110
0011111110111000
1110100101011110
1101011001011001
0100011001100100
1111011010001110
1110000010010011
1111011011111011
0111001100011101
0110110011101100
0111010010011010
1011010110001111
0100111011001010
0111110110000100
1100111111011111
0111001010011111
0101111101111011
1110001000011001
1111111101011111
0111001111010110
1111101111101100
0101101000101101
1110011110101110
1011100110011111
1011011100100101
1011101001100111
1111111001100111
1101011111001111
0110110001001010
0110001010110100
0110111011010110
1110101110101111
1100110001111001
0001000100100101
0110100010010010
1001101100100110
1111110111111010
1100101011101100
0001001001110010
1010000010011110
0110100000101101
1110101000100100
0111101111011101
1110010001111010
0101101010110101
0111101000001000
1111101111011111
1100101010111101
1110001110100110
0110011110110011
1011010000100010
1010110000010110
0110101111000011
0101011000000000
0111010001101011
1110101000001001
0100100010100001
1100101100010110
1100001110010100
1010111110100101
1100001110100010
1111001111100100
0011010110101011
1111000000101111
1011101110110001
1101010001100001
1111111000110111
0100111000101000
0111101000110000
1111100011011101
1111010000110101
1110111001111001
0111011100101001
0101110000011111
0110000110011011
0001101011111001
0101111100000111
0010110111001101
1100010010011010
0111111010100101
1110100110010111
0111100111111011
0101101111101011
1110110110111100
0110011001100100
1011100011110000
1010010000011010
0110001110000011
0111111000001011
1110101110110110
0111000010010011
0111110100010001
0010101011011101
1101010011000010
1111111010011010
0110000100110001
0110011010011001
1100001010011011
1101101111000001
1101100011110110
1010000110100011
0111011100011111
0010001011110101
1110101011111010
0111000011101110
0011011111101100
1110111001111100
0110000110000111
1111011000101010
1101001111101001
0100011110100000
0011011011110001
1110101110011010
0100000110111001
1010111110101110
0101101111000101
1111100011011100
1110000101101011
0110111100110010
0101001111111101
1100100110011001
0101001011010101
1100000010110111
1110100010110001
0110111000000000
0010001010001100
1111100110111101
0100100101001011
1111110011111101
0110111001000110
0001000000011100
0100111010010100
0111011001100110
0011101011010101
1110111111010111
1111010111110010
0100111110111000
0010011000010101
0111110100011001
0100010101111000
1111010000000010
0100001000101110
0101100110101000
1111000000000010
0011111010111001
0111101010100111
0110100010010010
1010111101111101
1111011101000000
1110010001001000
0111011010011010
1100011100000010
1001101100010100
1010101101000010
1100010000001000
1111101011100101
1011111001100100
1110101111010101
0011001000000011
0001010110101000
1111000110010011
1100110110101111
0101000110011100
1110110100001100
1111100111111110
0110110011110011
1001000010111100
1101101100000001
1001010101000000
0100100101100110
1110111100111110
1110101101111010
1101100111100001
1110100110001100
0100010010111111
1110010100100011
1110011100110111
1101000100011101
1100110010101110
1111111011011101
0101000101011100
1111011010011100
1011010000100101
1111111000111110
0100100111010010
1100010100011101
0011111111001011
1111010000111100
0010110101001010
1110000111100110
1011001000011011
0110100010111011
0110100110001010
1011111101000100
1111111011000101
1010101101000100
0110011011101010
0101101010000000
0011001000010111
1011110001000000
1100001010000000
0111101100011100
0100001111001101
1011100011111011
1010101101011011
0111100000011000
1011110001101010
1100101110011100
0101101011010010
1110101111110101
1101001010110111
1010010000110110
0111000010010100
0011111001100011
1100100101100101
0111001010100001
1111100101100001
0001111000110110
0110010010000110
0111010001100010
1111011001100000
1111010000111100
1100101111001011
1110111011000110
0111010011111111
0101010000000101
1101000001100010
0111000110111001
1111011011001010
0100111011011011
0011001111010110
1111010010010010
1101001101101101
1011011110101000
0110101010000101
0101010100011101
1110011010111111
0101100001111010
0101110111001111
0111010111100101
0101101010101111
0111011110110111
1011110110110101
1011010010000111
1110001100011100
1110100010111011
1110001110100001
0010010001001101
0100010110100001
0110111011000100
1101111010100010
0000100000010000
1011110111101110
0011011010010101
1111011111100011
0110001111100011
1101010001011110
0111000101000001
0011110101010100
1111001110010000
1111000101011010
0111100100110110
1100110011011111
1110010101110110
1101110100011010
0110111001110101
1111100000111111
1101001111110010
1111100110001010
1010101101101010
1011011110010100
1111001101011110
0010101101010000
1010100001100110
0111110001000101
0011000111110001
1011011010110111
0100011011111000
1100010100001110
1110101000011111
1111001110110000
1111111011011111
1110011101100111
1101011010010010
1111101011011011
0010101101110101
1101100101110011
1111100111000101
1110101111010110
0110011111111100
0101010110101010
1101010100001001
1100111001011010
1010111100110111
0111010111001110
0100001000101010
1011110011000011
0111100111011001
1010100111011001
1111110000110011
0010110110110010
0110010110010110
1100000001110001
0010010101111000
1010001100001111
0101110011110101
1111000101111100
1111010001101001
0101100010010100
1001011111110011
1101101111010010
1011100111101000
0101011011101110
0100100101000111
0110000111100011
0110101100000100
0111011110100000
0111001111110101
0111000010001001
1100000010000000
1101110110010011
0100011110110110
1111000101101001
0110011011000011
0110011100000101
1111001000010000
0110111110011001
1101001010110001
1101110011010110
0111000100011100
1100001000010001
1111101011100011
0100111101101110
1101101011011100
1111011101100010
1011100001001101
1101001101010000
1111111001101011
1110001001001111
0101011111101010
1101000011100100
0101010110010100
0011100100110001
1100010101010010
1001010110110101
1110001010100011
1111010100010001
0110101100100110
1001000111010000
1111011110110000
0010010001000100
0101000110001001
1101011111001011
0111101100111100
1110000101110011
0111111011001111
0001011111100110
1110011000010101
1001011100010101
1100101001011100
0101011100000101
1001110000111110
0010110010010111
1111101100011110
0101100001011001
1110111101111001
0101001000110001
0001111110110110
0110011000111101
1101010101100001
0100110101100110
0100010010000111
1000110011100011
0011101110100011
1011011100000001
1111011011110100
1100001011100110
1010110100000011
1111111011001111
1110111000110000
1110001010000101
1001001011000110
0100011001111101
1111011010010101
1100001111100111
0100001101011111
1001110101011000
0011111101001010
1111100101001011
0010001011001100
0000111011011111
0101111110111000
1101111101100111
1010010100000001
1011001001111011
1100110000001010
1100011001011101
0010001100001001
0011111010111100
1110100110010010
0001101001001101
1111100111001111
1010011110100000
0101110001100101
0111111011010101
0100101100011110
1000001110100011
1110111100011101
0111001110101000
1100101110110000
0111101111111100
0101001011111000
0110101001010000
1110000000001111
1101101100100110
0101101111110011
1100100111010011
0111001001100110
1111110010000001
0100111000100010
0001000001110011
0001010111100010
1001001001001001
1111101001011011
0100110011011010
0001101000100010
1101111010010010
0111110101001111
1111001101010111
1001010010100111
1110001001101111
1010001010000001
0111010000110110
0001111011111011
1011001001111010
0100001011111000
0101111110000100
0010101000001110
1110101011100101
1001010100011010
0111101110000010
1011100001111111
1010110111001011
0100011001011000
0011110011001000
1100011000001000
1110100010101000
1010101111011100
1101010111111100
1111111011000110
0010111110110010
0111101101010010
1000111011100001
1101111000010010
1101111111100010
0111010111100011
0001010110001101
1000111100011111
1100001011010101
0010111110000110
1100000011100110
1011100111010001
1100101110111100
1011011111011101
1011101110000101
0101000010010000
1111101000110010
1111001011110011
0101010001000101
1111010001110101
0110100001101010
0100010101011001
1111101000000100
1111010110000111
0101100000000101
1011110111001110
1101010100010001
0100010011101110
0100100111011011
1111110011010000
1001100011111111
0110000011110010
1100011100011100
1101001011101111
1101000001011001
0101001000011010
0011010001000001
1110110011100011
0010001110010110
0111100110001011
1110001010101011
0110011010110111
1111110011001111
0110010100010111
0111100011100111
0100111111010001
0111100101111000
0011011110011110
0100000110001110
1100111100100111
1101101100101100
0111011011111111
0101100111101110
1010010110000001
0110100110100010
0101111101001111
0011100111011011
1100011001010101
0110011010001100
0001011001111010
1011010101100000
0101101011011011
1011101011111110
1001101110100010
0010010111001001
0110011111000000
0111000111101001
0101101010101010
0101000000101111
1111110000011100
1101011011010100
1110101011100111
0100000111100111
1111110101111010
1110011111011111
0110111110101101
0010011011001010
1101101001011111
1111110010001100
0010110100000010
1111010011011010
1100101011111111
1100010000011011
0110011101011101
1110011011011111
0010111000101000
0110111100011100
1101011001111001
0100011100011100
1111100000010110
1110100110011000
0011000000110011
1011010011000001
1110100101100110
0010011101100111
0101010100010101
0111100100010000
1001110100001110
1111001110001011
0011001000100001
1111000100111000
1101100000010011
0011110100110111
1111010011100000
0100000011100101
0011011010111011
1101110100010010
1100100110011101
1111100111100000
1111000101101000
0111111101111010
0101111100011111
0101101000011110
1011101000101001
1110111010111001
0000100010000000
1111100000011101
0010011011101101
0111101001010001
1111110011111101
0111110001111100
1101101110100110
0100011111010111
1010111111011000
0101010001101001
0110100001010110
1101100011101010
1100111110001011
1111011101010101
0110010100011010
1011101001100101
1101001001010101
0111010010111111
1011101011111100
1101100111001001
0110111000111001
0111110011100001
1100100001101000
0101010001111111
0110111010010111
1100010001011111
0100101011110000
0110101010100010
1111100000011000
1110110001110111
0101000100011010
1100101011010010
1101100010100010
0110111010111010
1110000111111100
0111100001000001
0010100001011010
1111000110000000
1111111010111110
0111110111111101
1110010101000101
0100011011011010
0111011101110111
1101010110000101
1101011000010000
1001100000100011
1011011101100111
0111001010000010
0011000100001000
0011010011100001
0111100011000011
1111100101000110
0111110111100000
1010000101111110
0111100110100010
0010111101000001
1101001010111100
1111000101111111
1011000100100111
1100111100101100
1111110111000011
1101100110001110
0110101011111000
0110101011000010
0110101111011101
0011100011111001
1100101000100101
1101011011000011
0100111001011011
1011111111000011
0110110010110100
0110001000000001
0100111011001110
1100101100011110
0011100101001101
1110011100100000
1010000000000100
0100111110000001
1101111011011011
1011111111110100
0110110001111010
0101101000111001
1111001000111111
1101111100001101
1101110110000110
1011001000000100
1001101010010010
1110010001001100
0100100100001001
1011000110111011
1101101101111100
1100000100100000
0111110010110010
1010011111011100
0001011011010000
0110100111011111
0111011100110000
0111111001000010
0110010010010011
0110101110100001
1111111001101101
1101101101100110
1110000100110101
1111000011100010
1110010011111110
1110011010001001
1101100100001111
1101001100101101
1111011010100010
1100100111110100
1100110100010110
1110111011110001
0010100101010001
1001111101001101
1100010001010101
1111100101110000
0110011101011010
1011101001100010
0111011101101111
1110101101010000
1011010101101111
1111010111101101
0110011111001000
0100110000101101
1111110011111100
1110111110001010
0110001010011010
0010110011001000
0101001000101111
0110010001011010
1111000100011011
1011100000010110
0011011111100011
1110001101110001
0010100110010000
1110010110001010
0111110011101011
1011011011000011
0100101000111110
1100010010111111
1110101011100101
0110111011100110
0110101100110001
1110010100011001
0011000001100110
1101000110111111
1111111010101010
0110000010100011
1011000110110010
0100111110110100
0110000001000110
0111111011100001
1001100100001100
0100111101100010
0110010100101001
1000101010010111
0110010000011001
0100101011100011
1101110101011111
0110011000100111
1111000101000101
1110010101110000
1111010011101101
0001011100111100
0100110001010111
0011110110001111
1101000010011101
0100111100001011
1111010111110001
0111100010101011
0011010101110111
1111011111111111
0111000010100000
1010111000110111
0100100001000110
0100110100111110
1111111100010011
0011011000101010
1110000011101110
1111001000110010
0001101111111000
1101111110110010
1111101001101010
1111000010101111
1110001000000110
0101011010000001
0110111000010111
1100011000001001
1110000111100000
0111001011011100
1001011101001100
0010000010110100
0001111010011101
1101110010111111
0011011000101101
0111100101000001
1111101001110011
1110101110010111
0110111101100001
1011100101011000
0110101000001111
1111011000101010
1101111100110100
0011110110000001
0111011110011001
0100001001010001
0000100111000000
0100100111000001
0011101001001000
1110110011111000
1101101101010100
0111010011100011
1010101000101110
1110011111010000
0100100000011111
0101101011111101
0110101110110111
0101111100011111
0101000100100110
0110011011110001
1111100000110000
1101110111101000
0010100000011101
0111010110100110
1101110100100100
0100100101110111
0110100110001001
1111011110110000
0111000110010101
0111011111110101
1101110011010100
1111010011010001
0101111011101101
0111111010111101
0111001100001001
0110110001110110
1111111100000000
0011111000000000
0011101101101000
1110101001011110
1100110000111110
0111100000100010
1101110111001010
0111101110000011
1100011010101110
1111000101010000
1101111011011110
1100110011001011
0100100000011111
0001011000001001
1101111001010101
1100000011110001
1011101011111101
0100100100000111
0110011000100111
1101111111001011
0110100100101001
0110001100100011
1101000111110101
1111110001110001
1111100001100100
0111100100101101
0011011000110001
1100110000010001
0110001000111101
1100001110001111
1111111000101000
1001000010001011
0100100011000111
0010001010000010
1111011010101110
0100100010110111
1101100001100001
0101101100111110
0010101101001000
0100011011001110
0100010101111001
1111110110011100
0010010110001110
0011011001111010
0110111010110000
0001010010001101
0101011010100100
0011110111000011
1110010001110101
0100100010011100
0100111001101000
1000110110110000
0011100100000101
1101101111010110
1110001100110000
0011110100011000
0100110010111001
1110001011100111
0101100100101100
0011111000110010
1110100100111001
1110010111100110
0101101111101101
0111101010111101
1011010100101110
1011110101101110
0110011011100011
1101001001000101
0111001001001100
1011111000101100
1101101001001001
1110110001100011
1100110110111011
1101010011101001
1100000011000001
0111111010111011
0110110011000011
0111101111110010
0110011111100100
1111101111110000
0101110011101010
0110010010000110
0110000110100010
0010001011100000
1111001100001011
1110111110010011
0110000111010101
1101100100010010
0110000001010010
0110011101110001
1110110010101100
0001010001011100
1110001001100111
1110010100010101
0111000010000011
0101111101010000
1100101111110000
0111100110111010
0111101011001100
0011110011001001
0111001110101101
0111100011101101
1110000000111110
0101010001110000
1010001011111001
0110010001001010
0011100100101010
0010000010100001
1101100100011110
0111001110010010
0111000010111110
0110100000101111
1011111111111000
0111111000010111
1110110011011011
0111010001101000
0101000110111011
1110100110111101
1010100001011101
0111100001111001
0011100100101011
1010001011110010
0100110111010100
1110111101010000
1100000001000111
1111000011001011
1101001001001101
0111011000010010
1111101101101011
0110101101000111
1110101010011101
0011001101111011
1011000110110011
1111011101010010
1100010100000010
1010011110010001
0110110100010100
0101011001011000
1011011000101100
1111001100110010
1100000011011001
1101110000010100
0101010011111001
0100110000101000
0100010001100000
1001000001000110
0010111111011010
1010010111001110
0110001000000111
1101101100000011
1110000101110001
1000111001000010
0110010011101110
1111010000011010
1111010010101001
0110110011111000
1110010100011110
1111001010010110
1101110101110000
0111100000000100
1110100100001001
0111110001011111
0111000001100010
0110000010010011
0111100111010010
0111001100001110
1010110010011011
1100101000111111
0011101001101111
1010100101000111
1110011000100010
0110011111000111
0101010111100111
0010001100010000
1010000011100111
0100100110100101
1111110011001101
1111101010001101
0111110100010010
1101101110000100
0111010111111100
1110011011000110
0010010101011101
1110110100000110
0110111110010100
1110100111011001
0110101100001000
0100000011101111
0110010000010100
1100110011100011
0100001110010110
1101111001111111
1010110100111001
0100111000101001
0111011010001100
0011000011000010
1100111110000110
1110101100100010
1100010011010001
1110000111001001
0111011010101010
1100101010010111
1100110001100010
1101101010101100
0101010010001010
1100100001100010
1111000010110100
1100110001010011
1011111001010111
0101000110111010
1110110111000000
0110010011000000
1111100100101110
1010101110111111
1110111111101001
0110000111011101
1110010010110010
1111110110100001
1111010111000110
1001111000101111
0110101010001110
0110110100011100
1010010111101110
1111111001110101
0101001001000100
0001101110111010
0111010101001000
1101111010001001
0111101001100101
1010001011110101
1100000110100011
1101000001001000
1101111010101110
1010000000011100
1110001000000001
0110100000100010
1111110101110101
1110110010100101
0100100100100110
1110001000100000
1101101011100101
0111000100111001
0100100100010111
1111000111100001
0101101100110010
1101100100010001
0101001011000111
1001001001100100
1100100011111100
0101010111010011
1010111100110100
1001010011000100
1001100110110111
1111100010010100
0100100011100101
1101011011101011
0001100101111100
1011000011001100
1101011010100101
1111101011000010
1100011000100111
0101111101001000
0101011000111010
1100100110001101
1110110100011101
1000100110011100
0111010111010000
1111000001110100
1110100100101110
1011011100010100
1001010010100011
1101010110000111
1100011110001101
0110101010100011
1010001111110010
0111111000110000
0101011010011000
1100001010010011
0101111101100100
0100101000001011
0100001010000110
1111011000101000
1010101011010100
1111000011100111
0111000000011010
1100010111100110
1110000000001101
1101011111010000
1111101101100110
0011101011011011
0111111100011100
1110101010110100
0100010000001000
1010111010111001
0101010000000000
0100000010011111
0010110000000111
1011010001000011
0101110100001011
0001011110110000
1101011110110011
1001100110100111
0001110010100011
0111110111010001
0111100010100101
1110011000100011
1111000011100101
1101101010110000
1001000101011000
0101101011011101
1101100111101001
0110100000000101
0111001111000011
1101011001100100
1101110000101000
1111101100001101
0111111011001010
1101110110111101
0011101001110111
0110010111011001
1011001111110011
1101100101011011
0101001000010011
0010000110110000
0010111110000010
1110110000001001
0100000000110100
0100100011111011
1110000111101010
0101110101010010
1001011001011100
1100011001011110
0111000100111100
0100000101000111
0100110101010111
1100101011101100
1011010000001110
0110001010000101
0110110011100001
0100001110101001
0101000111000011
1111111100011011
0110000110011110
0110101000001101
1110110010000001
0101101100100001
0101111101100100
0100100111110010
0101001010110010
1101000100010100
0111110000110011
1101111010110110
0100111000110111
0111011010101000
0111100110110011
0101101100110011
1011011011000011
1111101000110111
1110111110011101
1111000111011111
1111110000110001
1110111101101111
1111010110001001
0111100000111010
1111000110001000
0010011011001011
1101110111000110
0111000001100111
0110010000011001
0110111011100000
1111001111110000
0111011111011101
0111111101000110
0100001010010011
0000000101100000
1110111111101111
0101011010100111
1011101010000111
1111001001111010
0111010011011110
1100111100100100
0100110000100100
1110000101001110
0111011101010010
1111111001110011
0100100111011101
0100111100011110
0010011011100000
1101010111110001
0111011010110110
0111110001010101
1010011110000011
0101011111101001
0111001000011110
0110100100100101
1010000111001100
1001100001101010
0101100011001111
0110101111111110
0110101110110100
1100010101011100
1111101010000110
0111100100111110
0101001111000101
0111001100101001
1101101110000110
0011001001111001
1110100111110001
1011101110101001
0001011110010000
1110000101011100
1101100111110101
0101111010010101
0101110010011010
1111101101000001
0101011110101110
0001100000000001
1010010111110100
1011101101100001
0100011100011101
0101111001101111
0111000000010101
0110010110111111
0011000001001111
1101110111001110
1101011110001100
0110111111110011
1100010101100101
1101111100100000
0011011110110010
0101011101001001
0011110110110011
0101000111000001
1110011011000011
1001101011000111
1101110000101000
0111111000101010
0110100100101101
1111111000000101
0111110011010001
0110100110000001
1101101011011111
1111000110100110
1101010110111000
0111010011010010
1110110010110000
0101010001011111
1110110011111010
0100010111101100
1011100000011110
1101011100110101
1101111010110101
1110111111010011
0101000011101001
1101100110000000
0110010101010110
0111010001110011
1110001011100000
1101010100010011
1110111011111001
0110000110001110
1110010100111000
0010110100011001
1011111010011101
1011111000000111
0111000101001010
0110100001001111
1110011010111011
0111110011001010
0101010000010100
1111001010111000
0111111101110010
1110011110011111
0101101101110011
1000011101100011
1110101101001101
1101110101101110
1010001001000011
1110100101110000
0111101100111001
0100110101001001
1100110101000100
0110010111011010
0100110000000111
1011010010011110
0010000110001111
1111010010010101
1111100101000011
1110111100111110
0110110110101110
0011010101000011
1101001010010100
0001010111010010
1101011101010101
1111100111010101
1011010000000100
1110111010001100
0101001110101011
0111010010001110
0110111100000101
1010101101101001
0110100110100001
1000110110101111
0100100001110011
1111000000011010
0111000110110010
0111010110101101
1101110011010111
0111000000100010
1101110110011110
0100100011111010
0101100100110000
1100000001011101
0010001011000110
1101110001100101
1111011000111010
0111111010000010
1101100010000110
0110001000001111
1111000100110010
1100111011010010
0101011000110101
0011111101100011
1110100001111000
0101011110110010
0111000010110101
0011110111001000
0000100100001000
0111001000110010
0110110110010001
1111010110001110
1011100101001010
1111001110001001
1110011100011011
0111011011001100
0110100110011100
0110011001000111
1111101100011101
0100101100110101
1110010001101011
1100111000001100
1011001111100010
0111010110110100
1001100101110010
1101011110001101
1100101010111010
0110110010001101
1110101010101011
0111000000110001
1010001111001011
0011101100111101
1010000001000010
0001100110011001
0011010100000100
0111001000100000
0100011000000101
1001010011100011
0001011110001110
1101100100011110
1111011111011100
0111000101011110
1111001100100000
1110010101001011
0011110110011100
1111011110000110
1010001100011000
1111101100100001
1000100010000011
0101110101110101
1011110100001011
0010110010010010
0100100010011001
1111011010000010
0010011101110010
0110001010100101
0101101001000011
0010010100110001
1101100101110101
0110011100010000
1111101111111010
0000110010010011
0111100101100100
0111100000001001
0110110111010011
1110111010000010
1110100000001001
0010000010110101
0111110111000000
0010100100111010
1110110101001010
1100101110111000
1100011111001101
1111100110110110
1100001011010110
0000011011110010
0011100001000101
1101111011101100
0111000100110000
0101010110110111
1101001010101111
1111100101001010
0100101110100010
1100111010010011
1101011010101011
1111111001010000
0100010101100011
0110000000000000
1100001010000110
0110001100000110
1110110101100011
1111011000110001
0101010100000010
0110101101011101
1001100100011111
0101110111001100
1110111000100110
1110001110110001
1110100101100111
0100100010010111
0011101011110010
0110011110011000
1000110010011001
1011110000001010
0110010100101101
0101011000000011
0111001111101001
1111111011011010
1100101011111011
0100111100110000
0100111010100110
1100000110100011
1100110001001100
0100100001100101
0111111101111001
1101010100100001
0111111100001011
0110100000101111
1100111100101101
1111100000000001
0110011111001111
0111111000011011
1101001000111000
0101000010111011
1110011111110111
1100100001111011
0010010110010000
0111011011001101
1111110110110010
0101110011110101
1101000111110011
0101000001100111
0111011111111001
1100111011110001
1100010001100110
0100111001010000
0110100011100110
0001001110010001
1101000101100100
0011011011111000
1110001011101101
0100100011110010
1010011110001010
0101111001001010
1100111010010001
0111001101100010
1100011011100011
1010100110110100
1100001011001100
0101100011011000
1100101001100001
1110111010100001
0101110110101100
0100100110110001
1111011010101110
0101110110010100
0100000000000010
1010110101010011
0111010011011000
0101111101100111
1101101100100101
1101001010001001
1111001110100110
0101011100101000
0110110011111110
1111001010101111
0101001010000010
1111110100011000
0010001011100110
0100110010111100
1110101010111101
0011010000110101
0100100100000011
1100001101010000
1111001010011100
0101010010010100
0111010000011000
1011000101110000
0110101100000000
1111110000100010
0110001001110110
0100011110100011
0111001100111011
1100100000110001
1110101100010101
0110000110101100
0011010111000111
1110000011110000
1101000001001001
1010001110111010
1010110110000010
0110011101100010
0111010001010011
0011110010000001
0111101010011001
0001011110110010
1110110000100111
1100101110010101
1111011010101101
0111110100111011
0111001110100000
0111110110101011
1110000101010010
1001111001000001
1011011100011010
0011001000110010
0101101111110100
0110011001111111
1111011011001101
1100101011001010
0110111111100001
0110111010100100
1101001111111110
0111001101001110
1111101111100100
0101110101100010
1101000110011111
0100100111111111
0111110110011010
0011101010101010
0110000000100010
1011101010000000
0100000001110001
0110111001111101
0110011111111001
1100011111010111
1101111100010011
0110100111000100
1010010001001011
0111101011110101
1111110011100100
0110101110101100
1111101001011011
1110101100111000
1110110110010100
1011001011011100
0001011000101111
0010011011010000
1101111111000110
0110100010010101
0010111010111101
1110110101011111
1111101001001111
0101101011100001
1100110011110100
1000100110101011
1101011111101101
0011111001011000
0111100001111101
1110001010010001
1101001001100011
1101011001111111
0111110001001110
1111011000001110
1101011110011000
1011100111011110
1100010011000001
1010011001000011
0010011100011101
1101011110101111
0111010001011010
0110000001101010
1111000101011100
1010110110010101
0100111111001101
0101110100110000
1010001001010111
0001010000000011
0110110010001110
1111111000001111
1011101110011101
1111110010101100
1111001000101001
0101011011100000
0110100100001001
1111010010101000
0011010111100111
1111001101011000
1011111010101110
1100000010000100
1110101011101010
0100110010101110
1100111000110111
1110001100110110
1101011010101001
0111101100101100
1010001010011011
1101110100000000
1001110110101110
0111000100100010
0110111010011101
0101001111110011
0110001101111110
1111101000100100
1010111101101010
0100011000000001
0011101011110101
0010011110111100
1101011111101001
0100011000111011
0100101110101011
0101011100101001
0110011100110110
1011101000010011
0101110000101100
0111010111100000
0011101000111011
1110001010101011
1100010001100110
0101100000110111
1111100001100111
1100111111110101
0110001100110000
0111111101011101
1101000011101100
1111111101000011
1110110111110010
1001111011110101
0110100011011110
1110111101101101
1101010100001110
1111111010110000
0001101101001111
1111111101011000
1110110111001011
0110001011000101
1101111110010100
1111110011110010
1010001010010110
1111101000011010
0110011110101010
0111001101110100
0101111101001011
0101011011000110
1111001011011010
1110011010011110
1111110100011000
1111111101011001
1111111001100000
0110001101111101
1111001010001000
0111110100001001
1001001101011111
0110010101100101
0101110000111000
1101001110110100
1101011110110101
1011001111010011
0111010001101011
0011100000101111
1000110100011101
0111111010110110
0101000100001001
0011101101111100
1100100010110000
0100010010101000
1011000110111110
0111111100010110
0111100111010001
0011001010110110
1101010111010101
0110101110000011
1100100010000110
0101100110101010
1011101001011100
1110100110011011
1011101101111101
0100101110011010
0010000000000101
0001111111011000
0010010000001011
1011100001111011
0101011110011101
1111011000011011
0011000010110010
0011111100001100
0110010110011111
1110110110001110
0011011101101001
0110100111110010
0101101101010000
1101111000001100
0011110010010001
0111101101100001
1101111101101000
0110100111000000
1100101100000001
1101010000010010
1110100000001101
0111110110110010
1110101011000000
0111110101010110
1101110001111110
0111000110010111
0111011010110110
1101011000101100
0111011001001001
1011001100010001
0110010110010011
0010111000000010
0011110100000100
0101010010010110
1111000001010100
1111100110100101
0110000111110110
0100001110100011
1010101011100001
1100110010111001
1111101100100111
1110111100000100
0101011110001001
0111011111011101
1010010011010100
1110011010011100
1100001011000011
0101000001011001
1100011010101010
1101011000101111
1101010010010001
0011011101001111
0100110110010100
0011000001111100
0101001111111001
0111101110110011
1111000001000010
1110011000101000
1110010100000001
0000111011011100
0110011111000011
0111011111011110
1101010100111011
1101101101001000
0100000111111100
1101100000001110
1100001011000000
0101110001100010
1110101110000000
1111101110100111
0011010111111110
1100101010001100
1110100111001000
0011100111111100
1101111110101011
0101001011010110
1011110001111101
1100000111111100
0101011100111100
1100111100101100
1110000001111100
0110101111111001
1010111011101100
1111101111101110
0011000110111111
0101110001100111
1010011101010010
1110010001011000
1110111111110011
1101101001000111
0101010000001100
0110101101010000
1011100001110110
1001011111100100
0010001000110011
0101100010010100
1010100101101000
1111111000111111
1010010101001100
0100110110010100
0011011000001010
1110001100100110
0111011101100011
1101010001011110
1001100001011011
0100110010000101
1111100011010000
0110011010010100
0100100010111111
0100100010001010
0111010110100100
1110000101010111
1101100010101011
1111111000111110
0100111111000010
1101110001100011
0111001101011110
1111000000101010
1010111100011111
0001100000111000
1110010000001110
0101111001010001
0101010011111000
0111110111110001
0110000010110110
0011111011000110
1111100110000101
0100110111001001
0001000001110110
0100000000010001
1100111101100101
0100011101011100
1101111101000100
1111010010101011
1011000101000001
1111100010011010
0100110101110111
1110111101000110
1011100000100010
0110101001011100
0110100110011110
1110000010010100
1111110101111100
1111110011111000
0100000011011110
0101000111100011
1110100000000001
1011000111101100
0110001101111000
1110101101111100
0011111011110011
1011101000011000
1010100011101110
1010101110101000
1010011010010001
1010100110111100
1110011111100010
0111001010001100
0111001110101011
1101010100111000
1010000010010010
1100101000000100
0011100010010111
0110010101100001
0100011011101000
1100100010111111
1010011000011100
1111101110101000
1111000000111100
1011010110011010
1110111111110001
1110000100111000
0010100100001001
0101100110101111
0101101010001100
0110111111101011
0110101001100101
0100000110110000
1001111111110011
1011100001110110
0100010000111110
0011011101110110
0011001101101101
1111110010101110
1110010001000111
1111110110101010
1101111101011000
0111001110111100
0010001011111101
0110010101010101
1111100000100010
1011101001001010
0101001101101011
1100010010000000
1110010011101000
1010110110001111
0111110110000011
1101001010001000
0110011000101011
1010101000101101
0011100110000100
0001011011100101
1111110010101000
1101011111110001
1100001100100011
1111010011000011
1101010111011010
1100110001011010
1010011010010000
1101100010000010
1010101011001110
0011101110100100
1110010111111010
1100101010111101
0111010001100100
1011101000011001
1001011011101111
1111110101010111
0101001011111000
0110000000111000
1110010000001111
1001001101110101
1011010000100010
1101010110101111
0111110110010100
0110011100100010
1010110011111100
1101111111101000
1100101100100110
0100010011101001
0101010100101000
1110010101000001
1110000101001101
1010001000001011
0100111011011110
1010101111010010
1101100010000100
1110100110010100
1100100010001101
0110110010011001
1100011111011110
0101111111101010
0001101111010100
1010111111000011
0111111101000100
0110011110011100
0011001001101010
1011100100101111
0011001111001110
0111000000001010
0110101010011110
1011101000011001
1111100110111000
0100101110111111
0101000011101011
1101110010011001
0110001000001111
0010010101010110
0011110111101000
0111100110011100
1110010110001010
1101101100000011
1101110001100101
1110101000111101
1111100001011000
1101010010111101
1111011100000100
1111111010000011
1001111101111111
0101100010110101
0101101100010101
0011001000111111
1000110100000010
0100010010011010
1110111011011101
1011001100110110
0100011101110111
0110101101000100
1011011100110010
1111110000000111
0100011010001011
0011000100000101
1110111011101010
0101001000011110
0100110110110000
1010011111000011
0111101001100110
1011110111010111
0111011100111011
0101001001111010
0110100100110100
0111100111110111
0010000011110101
1011010110100111
1110001101111110
1110011100100111
0110101110111110
0111000011101000
0100100010111110
0110100011101011
0100110010100000
0111000000010000
1100001010111101
0111011111111111
1011010011001000
1100111011100001
0100101000110100
0111011111110111
1111011100100100
0111001110011111
0100110101100100
0011001101001101
1011000100111010
0111011100011011
0110110001010011
0111111010000110
0110111011101010
0101000100011011
1110000101001001
0010110000001100
0110111001001100
0101010100111100
0101010011100001
1100110101110111
0110010000000001
1110110100110111
0110000000011001
1110011110010110
1100000010010011
1010000110010101
1111001110100000
0100111111010110
0000110101000010
0101011110101111
1110000111011011
0101101001000110
0010110001011101
0101100100110111
1101011000011010
0110001011011111
1101110101101111
1110100001100101
1110101100001010
0111010100111110
1111000101100011
0110110111101111
1101100011011111
1111111010111001
0101000000000101
0111110010001011
1101010010000101
0010001101001010
1101101010101101
1111110011100100
1110101101011010
0110101100111000
1000101110111110
0111111000101000
1100101100110010
0110101100001110
1111111011011010
1100100000011010
0111101010010110
1011111101110100
0110100111101010
1110101000010011
1101011000011000
1111100110001011
0011011100000001
0111010000101111
0100000110101010
0011001100000110
1101011110101000
0001011001001010
0010011011101010
0110110111001110
0101110000010101
0100010101011100
1111100110011011
0011110001001000
1100110101010010
1100010111100110
1011101110010011
0110100101111011
1111010110101011
1110000011100101
1110110001110111
1110111000111000
0100011111111100
1010111010110110
1100100101110000
1010111110010010
0100100110101011
0001110101100011
0101011010101011
1101111111011111
0101110101001011
1111010001101110
1100101100011100
1110001101000011
1101110101011010
1010011100000110
0100110010010001
0100111011010010
1101101011101111
0100111010101111
0110010010110101
0111000110101011
1001111000000011
1111011110000110
1110010111110011
0111010110111100
0011111011010011
0011111000010001
1110001010100110
0011101101110100
0101100110000110
0110101001101010
0111100111111110
1111000001111110
1100010110000101
1101110110110111
1101101101000100
0001011000010111
1111010000011101
1101000011101111
1110101101000101
0111000010100111
1011010001000110
0111001101001101
0111001111100000
0110000010011100
0010111001100100
1011100101010000
1111110001100111
1011101110000001
0101011010010011
0111010010001110
1011111100101010
0110000100000111
1110000110100011
1110111110011101
1100111011000100
1100100110010010
0010011000010101
0100000100000111
1100101001000010
1110101001111111
0100011100101011
1110000110111110
0001010101100111
1011110011001010
1011011100101100
1000111101101011
1101000110100101
0110101110010011
1111011101000000
0011101110011001
0100001001111101
1100001000101001
0111011111011010
0110111010110010
1101110010001011
0110100101000100
0001001011111010
0101011010001010
1011101111111111
0111100011000100
1100110110010000
0100110111010110
1111110110100000
0110011111101010
1101011100000000
1111010110011010
0011111101010000
1100001001011010
1110111101101000
0100001001100101
0010001101010011
1110011000111100
0100110110101000
1110111100111111
0111101111000101
1011110010001111
1101100000001010
1111100010110000
1101001011110100
0000101101101000
0100111000100101
1011100010111010
0110101010110100
0101001110010001
0110111100011000
1110001100100010
0111000000010001
0101010000110010
0100000000110011
1101001100010001
0100100000001100
1110100111010011
1111100100111000
1101101110101111
1111100000001010
0111001101000110
1010100001001011
0111101111110001
1010110000001111
0110101000000000
1010101100010000
1111111010110101
1101111010010011
1111100000110100
0110100101000110
0010010101110000
0111110001000111
1000101000000000
1110000110101111
1110111111001101
0100011100000010
0111010110110010
1000001011101110
1101111111110011
1101001100110011
0111110101101101
0110001110010001
1011101001110010
0111100000010111
0111111100101100
0111000000101010
1010000010100011
0100000100101011
0000010011100100
1101011100000110
0101000011010001
0100110001001000
0001111011001010
1111001100110111
1101111001011010
1111011010111110
0111001011010110
0110101110100111
1100111010001100
1100110111110011
0100000010101100
1110110000010001
0110011011111000
0100010000101100
0101101000101010
0101001001010001
0110011000010011
1111010110011011
0011000110110111
0110110100010110
1011110001001111
0110010111101101
0101110100010010
1110011010110000
0111011100111111
1110110011000101
1101110001111000
1100111100110010
1001101001110001
0111111101101011
1111110111000010
0111010100101010
0101011001101000
1101100010101011
1011000100011111
1011110101000111
1110010100011000
1111110110100101
0110000100011111
0111101101000011
1110010111100000
0110011001110110
0110011001110011
0110011110110011
1011100000111001
1111010010010100
0101111110101011
0110100101110100
1011010110011110
0100100010010101
1100000011001111
1100001111101000
0110001001001111
1110110110001101
0110111111000000
0110001011000111
0101100001111101
0111111011101000
0111010010100011
0000111011101000
0110111010011010
1001100000010100
0001001011010101
0111100001000100
0010111001000110
0110110011101101
1110100100010001
1001100000000011
1101110001010100
1110100000101111
1011001011011111
1101101011011001
0011111101111000
0110011111000101
1101101110011111
1110111100000011
1111110000000011
1101110110001101
1110100000100101
1101111010001011
1100111101111111
0101101110100100
1111001101000111
1101001110110011
0110100000000011
1110101000011110
1101001001110111
1010111111011010
1110010011111010
0110110010000101
1001111101010010
1010000101001100
1111011100010100
0101111111000000
1011001001010110
1010010001001110
0010110001100000
0111100010001100
1111110010100010
0101111100001110
0111100011110001
1110111110100010
1111100001011111
1110111101000111
0100000111011100
1011110111100011
1001101000110010
0101101001100001
1111100101100100
0111110011111101
1100101101110000
0111101101110111
1100010001011001
0010110100110101
0101100110001011
1100111011011111
0100101110001001
0100001111000011
1111000001110011
1111001000110111
0011001010001111
1011001001001111
1110101111110110
0100111110011011
1111110100010011
0010101101111010
1011110011001011
0011100100111101
1011101000011110
1101111100010101
1100001101010100
0100001110101100
0011101110100101
0011110101110110
1101101101011101
1110010101001101
0110101011011100
0110111111010000
0101010110011101
0101101100001010
0110111101110000
1010101010100001
0101001001000111
1011100110101101
1100111001111111
1001110100101101
1100100001100100
1011001110100010
0110010001001101
0001100111100100
0101001001111011
1110110111011011
1100001011001100
0011111100110000
0011000010111110
0111100001001010
1111000000100011
1011110101001011
1010110011000100
0100111100011100
0110000111100111
1100100011010000
1100000000100101
0111000011110110
1101010111100011
1011000010000111
1111001100100111
0101110101001100