1111111110000000
1011110000100011
0000000000000000
1100010111101101
1100000010000010
0000000000000000
0000100011010010
0000000000000000
1110011010101111
0111111110000000
1111000000101101
1000101011110110
1001100010011011
1000011110011011
0101101001001110
1100110101010000
1001110011011100
0010000010001001
0111111110000000
0000000000000000
0101011001111011
0111010100100000
0100111100100001
0110011000000011
0000000000000000
0001100110001001
1011111010001010
1110100000110110
1011011111000001
0011111011101000
0000000000000000
0100001100001000
0000000000000000
1010111000100111
0111111110000000
0011001010100111
1011010100001001
0010110111100011
1010111000101000
0110111100100011
0011111010110010
0100111110110010
0000010010100010
0111010101101100
0000000000000000
1000000011111111
0010011111111000
1111111110000000
0001001001110111
0100110011010000
1111111001010110
0111111110000000
0100001111100100
0000000000000000
0011010101010100
0011010101101010
0011001001010010
1101001101010001
0000000000000000
0000000000000000
0000000000000000
0000000000000000
1110011101110000
1010010101010100
1001011000011100
1101100010100101
1100100100001101
0100111001000001
1000110011100110
1101000010110100
1001110010011000
0010110001000000
0111111000000101
1111011111001110
0000000000000000
0010110011101111
1111111110000000
1100011110100101
1101010001010010
1110111111110110
1111111110000000
0110100101000110
0000010001111110
1011001100110100
0000000000000000
0011001101010001
1100111100010101
0000000000000000
1001110110011011
1111111100100000
0000101111111000
0101011000000010
0011001101000110
1110010010001111
1111111110000000
0101000110110101
0111001111000011
0100010000110100
1010101110100100
0110010110100101
1011101100010110
0000000000000000
0001001111001101
0000000000000000
1011010101011010
1001111100100100
0000000000000000
0111111110000000
0010001010110000
0111111110000000
0010100100011111
0110010011000001
0000000000000000
0101011001100011
1100011000100001
0101101110011001
0110000000101011
1100101011000110
0000000000000000
1011000101011100
1000110100101110
0110100000011100
0000000000000000
0111111110000000
0010001110100000
0111111110000000
0001010100010101
0101001101110100
0111111110000000
0101000010000110
1100011100011001
1000100000001011
0001001000011100
1111111101000101
0100001100111010
0000000000000000
0111110101100100
1100101011010100
0000000000000000
1001011001001110
1110001110010011
1001110001000110
0100110111111101
1010101011100011
1001001101101110
0000000000000000
0000101010110110
0101101100111011
1111001000000010
0111111110000000
0101111101110111
0111111110000000
0001000010111111
0001001111011011
1100000001110110
0011010100110011
0111111110000000
0000000000000000
0101000101011101
0000000000000000
0100010111100001
0000000000000000
0010100100110000
0111000011001000
0011110100111010
0000001100010001
1101101000001111
0010000110101001
1001100011011101
0001001000100000
1010011101100010
1001010100101000
1101011000000000
0011010000001000
0000100101100001
0100101100011111
0000000000000000
1100110100101101
1001100001101101
0111010101010100
1111111110000000
1010100010000110
0100101010100101
0001111001101010
1001010000100001
1001111010111000
0000000000000000
0100110111111010
1010010101111000
0110011101001000
0101110001001111
0101000010110101
1111111110000000
0111111110000000
1100111110101101
0001110110100000
0010001000111011
1110111000110111
1010000110101111
0101010010110010
1111111110000000
0110110001111101
1000100110000100
1011000110011000
0000000000000000
0100111100101100
0111111110000000
0111111110000000
0000000000000000
1100101010000101
0110011111011111
0111111110000000
0111111110000000
1111101001000111
0000000000000000
0101000001001111
0000000000000000
1110010100000110
1101110001001111
0011101011111101
1011110011011110
1101001000001001
1110000110010111
1011111101000101
0111111110000000
0000000000000000
0101110110101001
0111111001011110
0011101000011110
0000000000000000
0110011011100001
0100010001100001
0110011010011100
0000000000000000
0101011000000100
1111000010100110
0011100100100010
1010101100000101
0101100100111000
0011101010010111
0000000000000000
0011100101000101
0011001010010010
1101100000010101
1010010001010111
0000000000000000
1011110011011011
0001100100000000
1001000000000100
1101001111010011
1010000110100010
0000000000000000
0000000000000000
0011100100001011
0010001011110011
0010100001001101
0000000000000000
0111111110000000
0110010010011000
0110101100000010
0111111110000000
0000000000000000
0100110111001010
0111111110000000
1010111000000101
1101011000010011
0000000000000000
0111111110000000
1111111110000000
0000000000000000
0000000000000000
0011100100111011
1101111001010110
0000100001001011
1110011011001001
1001001100010010
0010001110011100
1001000100111101
0000000000000000
1101010011110011
0000000000000000
1001110011110011
1110010100101001
0000000000000000
0110110010010100
0110100000010100
1101110101000010
0100000010001101
1110101010001111
0010001010010000
1000100100001000
1111101101101110
0000000000000000
0000000000000000
0110101010010010
0011101001010001
1111011000100000
0100111100000011
0001100010001110
0111111110000000
0001110010011111
0000110000011111
0101111011011001
1100100110110100
0100110110011111
0100000001111111
0110000001101000
0001010000001000
1011110100100100
0010100011000011
1101100000101100
1001000010011000
0000000000000000
1001111001000100
1011101101101000
0000000000000000
0000000000000000
0101001010011100
1111000101010010
0000000000000000
0101010000110010
1111001000000000
0100110111001011
0101000111001010
0100010001001011
1011111010001010
0010010001011000
1111111110000000
0111111110000000
1000011000111010
1100001110010100
1011011000101100
1110110101101000
0010001001100100
1001111000111111
1001110000100100
0101011111011010
0101011000101000
0111001110111001
0010111111010010
0000010100110101
0000000000000000
1111001000010101
0001000011000110
0111111110000000
0000000000000000
0100000001111110
0011010111011111
1110001110100010
1111111110000000
1001101111010111
1101101001010010
0111111110000000
0010000100001110
0101010101010110
0000000000000000
0011101001011010
0111111110000000
0000000000000000
0111111110000000
0001000110001110
0000010000100110
1101011011011010
0101100100101100
0001111011010010
1000100101101010
1111111110000000
1101000000000011
0010001000101110
0000000000000000
0000011011111110
1111111110000000
1011011010110111
0111110001000100
0000000000000000
0000000000000000
1101111110001110
0111011000010000
0111111110000000
0110101110011100
0100001010000100
0000010100011110
0111110110001010
1010010000010111
0011110000101000
0111000111111010
1111111110000000
0101010010001000
0010000010100111
1010101111000010
1001111000110101
1000110111100010
0111001101011001
1100101110101101
0111111110000000
0011111011110111
1010001000110100
1100100000111010
0000000000000000
0000000101011011
0000000000000000
0000000000000000
0111111110000000
0000000000000000
1111111110000000
0110011010111000
1110011001110110
1110111011001101
1100101101100011
0110001010101111
1101100101100110
0111111110000000
0001101111111010
0010101100111111
0110000100000100
0000000000000000
0000110010011010
1100100000110100
1101000010011001
1111111110000000
1111111000001000
1010111110011100
0000101010111011
0111111110000000
1010100100111110
1100101101001011
0010100100011111
0111111110000000
0011010100010010
0111111110000000
1111111110000000
1001111110000011
0111111110000000
0010110011110110
1111111110000000
1001100101101100
0010111000111000
0000101010111001
1010110001011100
1101101001011111
0010011101110000
0010010110010000
0010010001100111
0011011100111101
1100100001001011
0000000000000000
1111111110000000
1111111110000000
0111110100000001
0000000000000000
1101010011000010
1111010100101111
1010000000101001
0000000000000000
0111111110000000
0100110100011001
0011001111000001
0110011100001100
1100010000101010
0110100000111001
0110110000000010
1100000001000101
1011110100110011
0110001100011000
0000010100100100
1010011001010011
1001110110000011
0000101100000100
0000011010110101
0101000000110001
0000000000000000
0000110111111001
0110000000101100
0000000000000000
0101100110011101
1000111101111010
1000110010100001
1010011100000001
1010110011101011
1010010001101000
1100110101000100
0000000000000000
0000000000000000
0000110001000010
1111110001100110
0101110000011001
0101001011000011
0010100110011100
1010000000001101
1101111001110110
1111000011111110
1111111110000000
1010011000000111
1110001100111111
0111111110000000
0100011001010110
1101001100111111
0000000000000000
0111111110000000
0000000000000000
0000000000000000
1100011110001000
0000000000000000
0110000010000110
0011110111111101
0111111110000000
0000000000000000
0110110101010010
0100101010100101
0000000000000000
1111110111101000
1010000110001011
0011101110000100
0000000000000000
1110011110011010
0010000000111001
0001101000011001
0010011000001110
1000011001001011
1101010100010100
1111111110000000
0011101110111010
0111111110000000
0000000000000000
1111111110000000
0101110001101110
1101000110010011
1100000110001110
0000111100100001
0001000110011111
0000000000000000
1010100110011110
0000000000000000
0000011100001100
0000000000000000
1111111110000000
0000000000000000
1101101000100001
1111111110000000
1010100110000110
0000100011111101
0111111011011110
0011100011001111
1011001000010000
1001000100010000
0110010000101000
0101011110100101
0000101111101110
0001011100011011
0111111110000000
1101000100000111
1010100011000011
1111111110000000
0111111110000000
1111101111000011
0111111110000000
0000000000000000
1110000110011011
1011110010001011
0001101010100011
1010100001101000
0111111110000000
1111111110000000
1111101010110001
0100111011100010
0000000000000000
0101100100000011
1101100100100100
0000000000000000
0101001100011101
1110110000101100
1010000100010001
0011011100100010
1011101110101100
0000000000000000
1111111110000000
1101000111000000
1111010111010100
0011010000110001
0111100000001010
0110100101110110
0011110100001110
0100100001011111
0011101011110101
0110110110100000
0010000000011101
0111111110000000
1011110010101010
1011010100000001
1011010011110000
1100110000110010
1011101111000001
0000000000000000
0111001001111111
1010000101010011
0111100010000001
0100111000000001
1010110110011101
0000000000000000
0101110010111110
0100100100111101
0000000000000000
1101000111100110
0010001010111011
0101111011100001
0111011011111100
0011010010010010
0011011101011100
1101000111100010
1111111110000000
0010110100001100
1111101001011111
0010111110100110
0000000000000000
0011011010001100
1111111110000000
0011111000000100
1101010110111111
1110100101110010
1110100000001111
0000000000000000
1010111100010101
1111111110000000
1011011000000001
0111111110000000
0010011010000001
0110110011111010
1101000011111100
1010011101001110
0000000000000000
0100001100011010
0001000101101001
0011110100111101
1111111110000000
1111111110000000
1011110011110011
0001010110110001
1001101010010010
0011111001011010
0000101000011010
0111111110000000
0101011111111000
0000000000000000
1011100111101011
0000111100111110
0001100010101010
0101000111101101
0001101100100100
1011111111110001
1000011100001110
0011001001001010
0000000000000000
0110100010101001
1001010000001000
1110000101011110
0000000000000000
0110011100100000
0111111110000000
1110101001101111
1011100011001110
0000111000110111
0000000000000000
0011111001100011
0000000110111100
0010100110001011
1001001001111011
0110111110100101
1011001010011011
1000000101001101
1111111101001001
1100100011100111
0110000010111110
1001100011011010
1100000000111011
0000000000000000
1111111110000000
0011000000101111
1011111100001000
0101000100010100
1101110010011011
0110010100111011
1100111110100010
1110110000111000
1000011101010000
0000000000000000
0010110110011100
0000000000000000
0111111110000000
1110100111110000
0010111010010001
1100110011000111
0110100011111000
1111101000000101
0100000001001011
1000111100011101
1110011110000101
1101010100111111
0010110101011010
0000010101011111
0011001100000110
0100100110100101
0011011011010101
0101010110011111
0000000000000000
1011100100100110
1110101001000011
0000000000000000
0111111110000000
1111111110000000
1100010110101101
0100000001000100
0101000110010010
1101001100011011
0000100001100010
1110111001000101
1001011101000011
0100100011001110
0110000011011110
1001100000001011
0111000000000100
1110100111000000
1001101010101000
0000000000000000
1101100011100001
0000000111110111
1000110111001001
0001010001001001
0101100011001100
1111000111110100
1011011011111101
0000000000000000
1110011110011001
1110011011110001
0110010111001010
1110110011000001
1110010001111001
0001111010001101
0110010110010010
1011000100000110
0111111110000000
0111111110000000
1001010101100100
0111101100011011
0010001010011101
0000000000000000
0000000000000000
1101000001001111
1111111110000000
0111111110000000
1000001000111000
1100010101011100
1111011011110000
1010101000110000
0100101110101000
0001100000000111
0111111110000000
1111111110000000
0000000000000000
1010000000110010
0000000000000000
1101011100001000
0010010010110011
1110100100100111
0001101100010011
0010010100010100
0110001001110000
0110010111110110
0000000000000000
0011010010010101
1011101010000011
1011101000001111
1111101100010001
0111111110000000
1111111110000000
0111111110000000
0110110000111101
1001110000110101
1101010011101001
0000000000000000
1100100000010101
1111100010100000
0000000000000000
1010110110100011
1100011000010101
0111000101011111
0001101110000111
0000000000000000
0000000000000000
0011110001100010
0000000000000000
0011010001101110
1111001000000011
0100010100001010
0010111100010111
1010001111110100
0000000000000000
0000000000000000
1111111110000000
0100101101101011
1011101101001100
0000000000000000
0110111101011101
1010111101010001
0000000000000000
1010100111001101
1111000001111010
0000000000000000
0000000000000000
1101000100001100
0110110000100001
1111111110000000
0101001000100001
0010111110100010
0010111010000110
1000101010011000
0111110000110011
0000001101101110
0001000010110010
0010011011000101
0111010110111100
0000111010101101
0000000000000000
1011100010000100
0000000000000000
1111100110110010
1010001101011111
1011010010100101
1100001100101000
1111111110000000
0011110000000000
0000000000000000
1111100100110100
0001111100100100
0100101010110001
0111111110000000
0101111100101110
0000000000000000
0000000000000000
0000000000000000
1000111111111110
0000000000000000
0100111101100011
1001110010001100
0111111110000000
0100001010101100
1101110000100011
0011001010011111
0010010110101010
0000000000000000
0111111110000000
1010100011101011
0110001101001001
1100100000000011
1111111110000000
1100110100111011
0010011110001110
0101011101000001
0000000000000000
1101100011111011
1101100000011010
1111111110000000
1011001000010011
1011001101100101
0001101110101000
0100010001100001
1010100111110010
1111101011011011
1101100111011111
0000000000000000
1001100010011110
1010101110011110
1010110010100011
0010100100001110
0101011100011001
1110011000101000
1000100100011100
0111001110111000
1100111001100001
0000000000000000
0110000100010001
0011001110000010
0000000000000000
0001001010011110
0110000000010011
0110010000111010
0000000000000000
1100110001011011
0000000000000000
0110100001000101
1101000110011011
1011011111000100
1111110110101111
1111111110000000
0100000110000101
0101011100111000
0100111010111111
0110000011001011
0110011000101010
1111111110000000
0110010100100001
0101011001100000
1000101111110111
0010110001101011
0111111110000000
1001101110110101
0110100110101001
0001101000100011
0110110001001000
0011000100101000
0101011111010011
0010101111011111
1111111110000000
1110111100000100
1010011101011100
1001000010011011
0000010010011010
1011101001100111
1100011001100110
1000011000100111
1101010011101100
0000000000000000
1011011110001101
0111111110000000
0011110110100100
0111111110000000
0100010010011101
1110011100111101
0010101110110101
0101001100011010
0111111110000000
1111111110000000
0110110010100001
0000000000000000
0010110110011111
0010100010011101
1101011111101101
1011001011111011
0011001101011011
0111111110000000
0011111111111111
1011000010010110
0010110010000101
0111001010001100
0111111110000000
1001011010000010
0000000000000000
0000000000000000
1111111110000000
1000001100010110
0000000000000000
0011101100000000
0101000110111010
0111111110000000
0111010110011001
1011001110000001
0101011010010010
0011010010100111
1011101100101010
1000010011010111
1010110111010000
1100110100000110
1001000100101101
1101111111111101
1100010111101101
0100101000001010
0100111101111011
1100100000000000
0111111101010010
0000000000000000
0100000101100010
1011001100011011
0011000100000100
1111111110000000
1010101011100110
0010000110100010
0110011100100111
1011110001100010
0111111110000000
0000000000000000
0100010000011111
0000000000000000
1101110111000110
0010001010101111
1011100001110101
0110011010011010
0100100000101010
1100101011111001
1110011100001000
0010101000011101
1000101100001010
0000000000000000
0011111000010111
1011101101000100
0111111110000000
1110101110011100
1111111110000000
0000000000000000
0000000000000000
0100110110000011
1010100111000000
1101010101110100
0100000011101101
1111111110000000
0001000010110101
1001101010111101
1101011011000101
1111001100010111
1100011111010001
1001001100001110
1011011001111001
1101101001101111
0110011001010001
0010001100011100
0110111010001010
0000010010011101
0011000000001101
1001111111011101
0111111110000000
1111111110000000
1111111110000000
0101000010100011
0010000100111000
0101101001001001
0000000000000000
0011100110001100
0000000000000000
0100111111101010
0111111110000000
0011010100000101
0110011101000010
1111001001110001
0111111110000000
0011101001110000
0000000000000000
0000101100111111
0000011100001101
0110101101110110
0110001101100101
1111111110000000
1111111110000000
0000000000000000
0101010010000000
1111111110000000
1000010110101111
1100111000011000
0111111110000000
0101011000001100
0111111110000000
0011111110110101
0000000000000000
0111111110000000
1011111000010110
1011010111110001
0001000010010110
0001100000010110
0100001101001000
0001101001100100
1010101100011011
0101010110011111
1000010011111110
0000000000000000
1011101100001000
0011001101000000
1010100011000111
0000000000000000
1000011010110011
1011110101010101
1100101100101011
0000001010111101
0111011111010101
1011111010110010
1100100010000101
0011110000011101
0110101010110110
1100100011100101
0000000000000000
0110101101100000
0001000011000000
0101110110101000
1110101100110001
0011101111000111
0110110000000001
0100111010010110
0010001010101111
0100001111010010
0110000000010000
0111111010111001
1111111110000000
1010101110000011
1101010001111010
0101110010100001
0011100111000100
1011011010001001
1011000101110001
1000101100111110
1010101011111110
0000000000000000
0101011000001000
0000000000000000
0100000100000111
0011111100001111
0101100000000010
0100010010001011
1100000110000110
0010001110100111
1111111110000000
0100101110100100
1111111110000000
1111111110000000
1001001001111001
0101110110100011
0000000000000000
0010101001110100
1111010010011011
1111011001001001
0000000000000000
1011110011110100
0011110000001100
0000111010111000
1111111110000000
0000000000000000
1000110111110111
1110011101111001
0111111110000000
1001010111001111
1101110000100000
0011000010110011
0111111110000000
1110100111110101
1100110100010100
0101001101001100
0000011100000110
1101101100010000
1010010000001000
0110001011011010
1011101110000101
0100010001100000
1011111000000011
0101011011111110
0001110011100100
0011000011000001
1011110011100110
0010110110001011
1101001010111010
0000100100001010
1010101011001110
1111000001100100
0100010000001010
0010001001101001
0111111110000000
1010100110010000
1010100101010110
1001101001010011
1111111110000000
1011110011111000
1000110001110010
1110011010100000
0011010110011000
1011000110011000
0001111110110111
0000000000000000
1001100101000000
0111111110000000
0000000000000000
1100001110000101
0100001011000000
0101001101011100
1100101001100001
1101100111010011
0001010010010111
1011110111000000
0000000000000000
1111111110000000
0001101001110000
0111110011110111
0101001010100101
1011001011010110
0100111100001100
1111111110000000
0001111101010100
1101011101110000
0101001000101001
0000100000001011
0000001100001111
1010110010010101
1010001110000001
0001011100100010
0000000000000000
0111011110011001
0011010101001000
0100101000001101
1010010010000000
0000000000000000
0111111110000000
1101010001000101
1111111110000000
1110111111001000
0111010100101110
1111111110000000
1000001101101011
1001101000000011
0000000000000000
1111111110000000
0001111110000011
1101100110011110
0000100001011100
0000011110100110
0100001001111110
0111000011100100
1110011110110011
0111001011101010
0110011011100111
0000000000000000
0110110000011111
1010111101000000
0000110100110100
1101111011001100
0101101010100101
0000010000100110
1010101100001101
1111010101000110
0000000000000000
1111111110000000
0110111100001100
1100010100011111
0111001111110111
0000101101101111
1110100111100111
0100110011001111
1010001010001110
1000010100001111
0111111110000000
1000100101000011
1111111110000000
1011011101011101
0111001110001001
0000000000000000
1100111011001101
1011111000100101
0111111110000000
1011101010110100
0001100000011101
0110111010011000
0110110101011011
0010101111101000
0110001110011100
1110101100111000
0101111110011011
1001010101100001
1010101111101011
1011110111100111
0011101010010000
0001001100100011
1010101101101110
1001000110110101
0110010111010000
1111111110000000
1001110011011001
1010100000000101
0000000000000000
0011011111010000
0000110000001011
0011110110010110
1100011001100110
1010110110001110
0110110111101010
1101111110111010
1001101001111001
0011111101000100
1001110101100011
0000000000000000
0011111001011010
1110011110010001
0000000000000000
0111101011001111
0011111111101000
1001110111111111
1100101000111111
1000100100100011
0100101010101101
1010000110010110
0100000010010101
1101000000001010
1111111110000000
0000000000000000
0100100110001101
1101010110101110
0101110100111010
0111111110000000
0101111001111110
1100000010110000
0001000101101001
1011100001000111
0010011011000000
0001000110011001
0111000001001101
1100111100001000
1100110000010000
0000000000000000
0000000000000000
0010000111001101
1000101011011001
1000001111000110
1010101000110001
1100000100001000
0101101100001110
1100011011110100
0010111010100110
1001111101101110
0010000001101011
0101100111011100
1101111011100101
1010111100110110
0111111110000000
0111101001110101
1001001000011110
0101000111111100
0000000000000000
0101100110111110
1010111111010001
1100011010010100
0001001101001000
0011011011001110
1010000101001101
0011010110100000
1010010100111011
0010010101111001
0011000101011111
1001001011011000
1111111110000000
0011011010000101
0111001101011110
1010010000001111
1001010111000100
0011001011100000
0000000000000000
0100111001001011
0100000000010110
1111111110000000
1000111000001000
0011011111100010
1100101101100001
0111111110000000
1110000100011111
0000001110010001
0100010101110110
0010101000000111
0001110011101110
0011101101001001
0110100100010011
1100000101101010
0000000000000000
0010010110111000
1011000010111101
0111111110000000
0110101010001001
0000100000100111
0010000011000100
1111111110000000
1010011101001111
0101000110111110
0000101010010101
1100011000111011
1111001111011010
1011110110010110
0001100101011011
0001111100001100
1000011010110100
1111111110000000
1011100011111110
0000100101001111
0000000000000000
1101101011000011
1010111111000100
1100011101011100
0011100000011010
1101001010011111
0001101100000001
1100111000110000
1011011111110000
0000000000000000
0100011111111100
1011011101100000
0111111110000000
0000000000000000
1100010110101111
1000010111001011
0000100111011000
0001111010100110
0010111001001011
0000011001011010
0111101001011111
1000100110111111
1101001100010001
1011000001100111
1100110000000000
1000101111010010
0100100001001111
1011101000100010
0111111110000000
1100101010000101
1101001011011101
0010110001011001
1101011101000000
1101001010101001
0000000100000010
0111101111101011
1111111110000000
0101011011010111
1100110000000000
1110000110011011
0011011100111100
0011110111111000
1100000010111110
0011100010110010
0010110100001111
1001111100011001
0000000011001000
1111111110000000
1101111000001101
1001100001111010
1101100010010100
0001111010100101
1010101011101100
1011111100110110
0001110111001110
0000000000000000
0010011111001011
0000101011100101
1111101100010111
0100100010011000
1011000110100001
0000000100111000
0100100110010000
0110111011001101
0000000000000000
0001011000011000
1110111110111100
1101101111101101
0110100010101000
1111111110000000
0000000000000000
0010011001011001
1110001101010001
0100010011010010
1101111111110000
0000100101010100
1111110101011110
0000000000000000
1010010110101010
0000000000000000
1100011100101010
1111101010000110
1100000011001001
0100110100000000
1001100110010110
0111111110000000
0101000101101011
1111111110000000
1100000111011111
0010110000101100
0011001011010000
0001011010101111
0000000000000000
0110001011110000
0111010010000110
0111111110000000
1010001001101110
0010100000010001
0001111011111100
1100000010000001
0000000000000000
1011101010010110
0101010010111110
0000000010100010
0100111101101011
0101010001101111
0101010101110101
0110011010101100
0100000100100010
1011001111000111
0011110011111110
1101000000010110
0010101010111011
0000000000000000
0011110100011001
0001010101000110
0001111000100100
0001001100000111
1001100110010010
0010001010010100
0101111001111010
0100101100000101
1010111101111010
1010110001101010
1011101110111010
1100101010110101
0000000000000000
1011111111111110
1110111111010100
0101101101110010
0001000101011111
0000000000000000
0000010100101110
0111111110000000
1001100100100001
1011111011011010
1100001000110001
1010000110100010
1111101101111001
1100100011101110
0100110010100011
0011101110010000
0011111000110011
1111111110000000
0011111011101101
0101010111111010
0111111110000000
1111101011011111
1110110101011101
0000000000000000
0101011001111110
1111111110000000
0111111110000000
1100001110001001
0101110011001111
1100011010111000
1101001011000000
0000111110110000
0101000101011110
1100001111100010
1011100110011011
0011101000110001
0111111110000000
0101010010111111
0011111101011001
0100000111011111
0011001000101001
1011010010100000
0010111100011100
1101100000011000
1100101011000011
0111111110000000
0001010111001111
1001110010001111
0000000000000000
0111111110000000
1111111110000000
0110101110001001
1110011001101001
1011001110001111
0000000000000000
0000000000000000
0001100110001011
0000000000000000
0011111100110001
0100000101011001
0011000000110111
1101110100010110
1111111110000000
1110000010100111
0000010100011011
1001101110000100
0010011101011101
1011011110010000
0001100001001010
1100010001010001
0111111110000000
0111111110000000
0010000110011000
0000000000000000
0000111100110100
0000000000000000
0111111110000000
0010101110010011
1100110100100101
1001001011010011
1001000011011110
0110000110101001
0010010011011011
1011001011010101
0011011110111000
0000000000000000
1011000000010100
1110010110001110
0101110000001110
1011001001011101
1000011011001010
1011111110000100
0111111110000000
1100000011011100
1110000111100010
1111010010011011
1111111110000000
1011000000101001
1011110000000010
0000010010100100
1000111011001111
0000000000000000
1111111001101001
0111111110000000
1101000000001110
0001000011111010
1101011001010110
1111111110000000
0110110001101011
0110100101110000
1100010111011101
1110000001110010
0100111111100101
0100011100010100
0111111110000000
0011011100011000
1011111010001110
1101111101000000
0011001011001001
0000000000000000
1101010101011001
0111100001011001
0111011100011100
1001101001000100
0000000000000000
0100110011110011
0011110001011101
0111010100011101
1100111101010010
0001101100011011
0000000000000000
0010010000010100
1001010110111101
0000000000000000
0111110110110001
1110111011111110
0100101001001001
1111010001111011
1000111100000001
1011111111100101
0011101101001010
1010000011101111
1111111010101001
0000101110110101
0001101111111011
1001001011110100
0111111110000000
0010101110101100
1110110111011100
1000110110101111
1001110100010101
1000000100010010
1010110000111110
0100011101111011
0111111110000000
0010111011101100
1101001011011110
1011111010011000
1010000101010010
1011110000011010
1100111111011101
0100101011110011
1101100101001010
0000000100010111
1000110100011000
1100101000101101
0000000000000000
1110010000100001
1100010100001110
0011111000001000
0101000100100001
0100010010000101
0001001111111000
1011000110000011
1001011110011011
1000111111010010
1100010011110000
0000000000000000
1001011100100001
1110111010000000
0000000000000000
0111110010110010
0000000000000000
0000000000000000
0000000000000000
0011010110001001
1110000011101000
1011011001011111
0100101110110010
0100011110000110
0000000000000000
1001001011000111
0100000100101001
0000000000000000
1001110010101100
0000000000000000
0000000010101001
1111010001110011
1000010001110100
0000011001000110
0000000000000000
0100110100101100
0000000000000000
0000000000000000
0000000000000000
1101100000111000
0101101100111011
0000101100010001
0000000000000000
0010100011010010
1001000101111000
1000001110111111
0000101011001011
0011011110111100
1111111110000000
1010100100001010
0110010011001101
1111111110000000
1111111110000000
0011000100010010
0010001001110001
0100111110011001
0000000000000000
1100011000101111
1101001101010101
1010000110010011
0000000000000000
0010101101001001
1100000010101000
1010000011110110
1011010000011101
0010110010110110
0000010100111001
0000000000000000
1111111110000000
0000110111010001
1000010000101100
0010100110011110
0111111110000000
1111111110000000
0010111100000100
1001001011111100
1010111101100011
1011010001011011
0100100001000001
1100011011100101
1010011101000000
0110100101001101
0000101101000110
1101010111000100
0000000000000000
1011001010011000
0010000010000001
0001111111011011
0111110001101011
1100101010011000
0011010101110000
0011001000000010
0000000000000000
1111100110001011
0100100111110010
0100100010000100
0110100011100000
1001011001110011
1111110101011100
0011100000010010
0111100001100010
0010011000111111
0000000000000000
1011110110100011
0000101011000000
1001100000101110
0100100011110011
1111111110000000
0000101011011001
1111111110000000
1011110111111001
0010011000010000
0111111110000000
0000000000000000
1100011010010110
0011001100011001
0000010010000000
1110001100101000
1011111000010001
0111011010110010
1111111110000000
0011100101000000
1101100110000011
0100100000001101
0100000101110001
1101010010111100
0000011100010000
0000000000000000
0011101101000010
0010100100010000
0111111110000000
1000011100110000
1111001110001010
1101000100111001
1100001001111100
1011101010011111
0100111111100101
0100111100010111
0111101011111010
1000101011001111
1011111111000010
0000000000000000
1111111110000000
0011011100000100
1111000100101100
1111110011100010
1100011000101010
0111001000111111
1001100000101000
0011010100100111
1010011110010000
1001000000011110
0110000110010001
0111000011111111
1110011100000101
1001000001110111
1111111110000000
0100010100000110
1110011110001010
0111111110000000
1110011011110000
1111111110000000
0011001111001111
1111011100011010
0101010101101000
0010001001010001
0110100100011000
0000000000000000
0000000000000000
1011011001011000
0001111111010011
0000000000000000
0011001011010100
0011010100011000
1111000000001111
1001100010011001
0111111110000000
0010111011101101
0000000000000000
1010111100100110
0000000000000000
1100001111100110
1110000111101111
0011110111101110
1010101110001010
0000000000000000
1100001110111110
0000000000000000
0111111110000000
1011100101001110
0000000000000000
0000000000000000
1110001010000011
1100001101100010
1010000100010101
1110100001010010
0000000000000000
0101111001100111
1100110001100111
0101011100011001
0000000000000000
0000000000000000
1010101100000110
0010111101000011
0000110110011011
0000110110011100
1101110010000100
1100011000111111
0101110011101001
1101010001000010
0110111011100100
1000000010011001
1100000100110111
0110110011110110
1001101100110010
0000000000000000
1111111110000000
0101100110011010
0111111110000000
1100110010010101
1010111111000111
0000000000000000
1111000100101111
1001100000011011
0010100000001010
0111111110000000
1101100100001101
1011011101100110
0000000000000000
1011100100001100
0111111110000000
0110101111011110
0100101100000100
1010101011001111
1010101011000011
1000011001110100
1100101010101010
0000000000000000
0101110011110010
0001101001000011
1111111110000000
1010100000001100
0100000100010110
0111000000001000
1101010000010001
1000101110010111
0000000000000000
0110111110000011
1110111111110011
0000000000000000
0000000000000000
0010010100101101
1111111110000000
0110101110000011
0000010101100101
1000110101110101
1100100010111111
1100110000101000
1011111000101100
1110110111000001
0101100001010000
0011111000000101
1101000000010110
0100011100010001
1111101001111000
0111101010100111
0110100100001000
1000010111001100
0111111110000000
1100100011110100
1100011101110101
0000000000000000
1111111110000000
0100010010001001
1001001100110100
1010001101100101
0011100010010101
1011010011000001
1001110000110101
0111111110000000
1110101010110111
0100010000010110
0111111110000000
1011011100010000
0111111110000000
0111111110000000
1111111110000000
1100100111010000
1011111110010100
0000000000000000
1001111011011010
0111001100001010
1111111110000000
0010111000011111
0000000000000000
1010110000001000
0000000000000000
0110100011000010
1011111100101110
0011110110101101
0100100110001000
1001111011111111
0110110110011110
0111111110000000
1110000000000111
1110100100110011
0101110111110010
0000000000000000
0000100000111111
0001111010010001
1111111110000000
0110011111100110
0100001010001010
1111111110000000
0110101111111101
0001110001000011
0011010100110100
0011000010111010
0000000000000000
1010100110010011
0000000000000000
1101001110001111
0011010110110010
1001101110100100
0011000101110001
1011101011100001
1100010111011000
1010000101001011
0001001101101011
1111111110000000
1011000001111100
0011110001111100
0100100110100010
1101110111100011
1111111110000000
1011100101010110
0110001100010111
0101101011001100
1011111110100100
1111111110000000
1001000100011111
1111111110000000
1111101111000010
1101101010010000
1111100001100001
0100000011011010
0111111000010000
1010000010111101
0110011011000010
0000111001110010
0000000000000000
1111111001010100
1010011100000111
0111111110000000
0000000000000000
0010011101011000
0010010110101001
1111111110000000
1110100110101000
1000110010011001
0111111110000000
0110111011000010
1011000110111110
0010101111101010
1101110110010100
0101100001111100
1111111110000000
0001010110001111
0101000111111111
0101100100111000
1000110101000101
1101111101001100
1111111110000000
0001000010010100
1101011111011001
1101011111111000
1010011101000101
0100011111111000
0110001100111100
1111001100111001
1011111001100001
0011111010100001
0001100000010111
0011110111001100
1000111010011001
1111111110000000
1110101100011100
0000000000000000
0101011101111101
0101000000110010
1101001011101000
0110011010100111
0111111110000000
0011101111100000
1010110111110010
0010101111111011
1011101110000100
1111111110000000
1110101100100010
1111111110000000
0110011111010011
1011111011011011
0110000111010010
0111111101001110
0111111110000000
0100011010001000
1110110101110101
0101011010011011
0011101100100111
0111010001110100
0000000000000000
0111111110000000
0000000000000000
1001101011101110
1110010110100000
1101010111101111
1111111110000000
0011111011100111
1100101111001010
0011100100011101
0000000000000000
0100010000011101
1101111100100001
0001011111101101
0111010000010101
1001011100100010
0000110110100110
0010111000011101
0111000100010011
1101101100110010
0101001001100110
1100010100111001
0000000000000000
0000000000000000
1011010010110100
0010111011000100
0110010111011111
0111100010111000
0000101011101100
0111111010101101
1001100110100100
0000000100011010
0000000000000000
1001011110110000
0010111100100010
0101110100001000
0111000010010100
0110110001101011
1001111010010001
1100111100001101
1010111101001100
0011001100100010
1111111110000000
0101011100100011
1111111110000000
0000001011100101
0011011000000110
1000001101001001
1010100010100001
0011001100010010
0100011000101000
0011100110100011
1010101110100101
0110100000100010
0111111110000000
1010110010000110
1010010110101000
1000110011000011
0000000000000000
0011011010011100
1101011101001101
0000000000000000
0000110000000110
1110001001100100
1011001111011101
0000000000000000
0111101101110101
1110110110101110
0010100101011110
0000000000000000
0101100000111011
0000000000000000
0001110111010100
1101010100001001
1011101000111011
0111111110000000
0110001101010100
0000000000000000
0101000110110100
0101101110100100
1010111011010100
0110100010000110
1101111110100000
1010010000011100
1111000101100000
1001111001111000
0111111110000000
0100001000010110
1000101110101000
1001010110000100
0110111101001001
0111111110000000
0010100000000000
1111001110110100
1100111010111011
0000000000000000
0111111110000000
1111111110000000
0111111110000000
0000000000000000
1101011100011001
0111001110001001
0110000000110011
0100111100110110
1100100100101100
1010001111000001
1011011010011100
0100100000001110
0001001100001110
1001101010001001
0010011010010010
1101110110010101
0000000000000000
0011101001111100
0001001101000110
0101111101011110
1001101111001000
0010101010100000
1111110011011001
0111000000110000
1100011010010100
1101011111100111
0000000000000000
0110110111111110
0100101100010010
0111011100011101
0111000100101010
0000000000000000
0111111110000000
1010100101111010
1110000001000001
1111111110000000
1111111110000000
1011110010100100
0011011111000111
1111111110000000
1000000110101100
1100010000101111
0001100101000011
0111100101000101
0000010000010001
0101101101001000
0011001111010111
0001000011011011
1111111110000000
0010000010000100
1011111001001101
0000000000000000
1101011111111111
0010011100011111
1110101100001001
1100011000110011
1011101010111010
0101000000011001
0111000011011100
1100001100101010
0000000000000000
1111111110000000
0001010101111101
0011011001011010
1100000001101111
0111111110000000
0101011110101101
0001011000001001
1101000010001001
0111111110000000
0111111110000000
0000000000000000
1110011111011000
1010110111100011
1011110110010010
0011111111000101
0111111110000000
0000000000000000
0000000000000000
1100011110010111
0001001001110001
0010111011011110
1110111110010100
0100101001001001
0000000000000000
0011001000001011
1111111110000000
0100001110010111
1110110000111010
0111111000011111
1011100110101110
0100101100101001
1110110011001100
1011101001110100
0000000000000000
1001011000001110
1000111000010001
1010110111010111
1011100111111100
1111111110000000
1110110111100101
1001111110011001
0111111110000000
0000000000000000
0100010101110110
1110100100011100
0101001101000111
0000000000000000
0001110110100011
0001010011111110
0101101100111110
0101001100011000
0110100101111110
1110101101000001
0111111110000000
0100101001000100
0000000000000000
0111111110000000
0000000000000000
1100000001000101
0010000110011001
1101001100010101
0010101000101110
0011111010011000
0110000111110011
0000000000000000
0010101001111101
0101010101010111
0111111110000000
0000111100100101
1011001110110001
0000000000000000
0000111100000011
1100000011110110
1100001010011011
0101000110001011
0011110111010001
1100111100010101
0010110000001110
1011011110110100
0101100100110000
0101111001010011
1000110011100111
0010100011000101
0000010001011011
0100011100110000
0011100001111001
1000100100111011
0010110100111011
0010110100011001
0011101010000010
1001100111000000
0100110101110010
1111011011100011
0000110110000100
1110010000111111
1110101110001011
1110011101000100
0111111110000000
0010011011100100
0110110101110111
0011110011111110
0000000000000000
1111111110000000
1011110100100000
1000100001000111
1111111100101010
0011111100011001
0111111110000000
1111111110000000
0001101011010111
1101001010111110
0000000000000000
0010101001110010
1001111111110010
0101001011010000
0110100010011001
0001110000100011
0000000000000000
0101001000010011
1001111111101011
0000000000000000
1111111110000000
1010110001001001
0000000000000000
0001011110100111
0000000000000000
0111111110000000
1010011010100110
1101100010110000
0111011101000100
1100001001001011
0111100110010011
1001011101000000
1110000010111011
1111111110000000
0010110110111001
1011011101001111
0000000000000000
0101010001000101
0100111111010111
1100000000000101
1111010000111001
0000011110001110
0100000110000010
0111111110000000
1110001001101100
1000011010001110
0111001101001010
0100000011111111
1011010101100000
0111111110000000
1111111000100010
0000000000000000
1111100100100100
0000000000000000
1001101000011001
0000000000000000
0111111110000000
1001101000111100
0111111110000000
0011011111001110
0010110000111110
1011111011001111
1101101000011010
1010100101011110
1011111101110101
1110110100101100
0000000000000000
0100000110100110
1111110111001111
0001111011011000
0111111110000000
0111111110000000
1111111110000000
0000001100011001
1010110000100100
1001011100111001
0011101111011000
0000000000000000
0011001000010110
1101011101101110
1111110110010111
0000000000000000
1111110010100001
1011100101011001
0000100011100101
1001010101111110
0100011001100100
1011001101110100
0111111011000101
0000000000000000
0010110000110111
0100011000100010
0001010010110110
0000000000000000
0000000000000000
0000001011110000
0100011110100101
0000000000000000
0111111110000000
1111111110000000
0100011111010010
0111111110000000
1011110001101000
1010000100001100
1001001010111011
0000000000000000
0001010100011100
0111101000101110
0001100111001000
1100001000101010
1101001011010011
0001110001000100
1111111110000000
1011111110110001
0100101010111100
0011111110000010
0000000000000000
1000110110111000
1111111110000000
1011111011010011
0111111110000000
0111111110000000
0000011000100110
0111111110000000
0110001011000101
1100010010100000
0110101110000000
0000010110000001
0101110110000110
0000000000000000
0000000000000000
1010100100010010
0001011010100100
0100011101011000
0010100001000101
0000000000000000
1110100101011011
0111111110000000
1101001110000000
0101010101100111
1111111110000000
1010111100001110
1001010000101000
1110010110001001
0111111110000000
0111111110000000
0110010110010101
0010110100110101
1111000010110101
1111111110000000
0000000000000000
1010101000001001
1101010000010001
0010000011000000
0010010100001101
1011010000011010
0000000000000000
0010111100011100
0100110111001000
1100011110001100
0111111110000000
0110000101100001
1011110111110000
1101000101110010
1100110010111111
1100001101111111
1100010111010111
1001000000000100
0000000000000000
0011110001110010
0111111110000000
1000111110011001
1011001100111001
1011101010101110
1011100100110011
0111111110000000
0100100101110010
0000011101110011
0011110111000110
0110011010111010
1110010000001010
0001100010001100
0111111110000000
1100000000100100
1011010101110011
1111111110000000
0111111110000000
0101010100111011
0000000000000000
0111111000110101
1011100100001000
1010001101011011
0000000000000000
0010001001100000
1100111001101110
0100000100011100
1000100111011110
1111111110000000
0111000010110001
0110010100101011
0000000000000000
1101000010110011
1111111110000000
0000111100110001
0111111110000000
0010100111010010
0000000000000000
0001000000010100
1101010100100000
1010110010111100
0000000000000000
0111010110011001
1111111110000000
1010100111001110
1000010110001111
0111001100010011
0111011110111010
1011111100010100
1110000001111010
1010100000110010
0000000000000000
1101010001001110
1010010010000010
1000011111111110
0000111111000111
1111111110000000
1100011101000011
0011110000110001
0000001101101011
0100011001101001
0000111100100101
0011111110100110
0011110000111101
0101110100011101
1010110011000010
0000000000000000
1001111010110100
1001110100110011
0100110110101100
1011011010100011
0101000110001111
1011010100011001
0000000000000000
1011111100011111
0000000000000000
0000000000000000
1001101001000000
1000011101101011
1101010111010010
1111111110000000
0000000000000000
1111000100001111
0111111110000000
0000000000000000
0000000000000000
0001101111000100
0010101000100111
0000000000000000
1011110011100101
1001000000100100
1011010010111110
0100101010001001
1100011101001110
0100010110011011
0111111110000000
0101011010000101
0111111110000000
0101010010001101
0101111101100100
0110111111101001
1010100101101011
0010100011011011
1111111110000000
1100001011101011
1100100001111011
1011000011010001
0100111001110100
1110010000111001
1111111110000000
0111111110000000
1010111101111001
0100010101000110
0000101010011001
0010100010010110
1001011000111000
1110001100110100
1001100110111111
1111111110000000
0100001000001011
1111111001010010
0101101110010111
1010111010110010
0000000000000000
1101011101110101
0000000000000000
0100001111110101
1100011000011100
0000000000000000
0000000000000000
0110010110011001
0110001010101000
0110010110110101
1101010010111100
1101111110010000
0100000010010110
0111111110000000
1010000011010011
1011101001101001
1111101000000000
1000110011100100
0000000000000000
0100100000001101
0011010111100000
1111111101001101
1101111010110001
1001010110100000
1010011111000000
0001001001110010
0001110100101110
1011001001001100
0101010101110010
0000000000000000
0101101001100110
1000001101110110
1101100100001000
0111111110000000
1011101101001101
1111010111111000
0111011010001001
0011100100011111
0111111110000000
1111100110000110
0101001010011110
1101000010111000
0000000000000000
0101011011011111
1000000110110100
1010100011000101
1111111110000000
1110011010010010
1111111110000000
1111001100011000
1101110001010010
0110010000110000
0010000000000100
0000000000000000
0101110111000000
1100011110001000
1111000001001110
1011010011000000
1111111110000000
0000110101011101
0010101100000111
1110100011000101
0011001100100001
1100011110001110
1001101110010100
1100010010000111
1110110000111001
0000000000000000
1111111110000000
1000001110101010
0111111110000000
0111101000001101
0000000000000000
1111111110000000
0100111001000000
0111111110000000
1010110111011110
0001100001101100
0001000110000010
0110010101000010
0100000010100010
1001111101111001
0101001000010010
1101011110000011
1110000111001100
0111111110000000
1001110001100111
1000110000110000
1011110110001110
0010001100010101
0111111101010101
1101101000110100
0000000000000000
0111111110000000
1100010001100001
1110001101011100
1110011100101100
0000000000000000
1101101011011001
0110110110100111
0011001100111001
1011101100010101
0110011011110010
0010010010100010
0000000000000000
1101010101101011
1011101110100000
0101110010100111
0011110100010110
0010110111000010
1100101110101111
0001001000010101
1100011000001110
1111111110000000
0001001111100111
0000000000000000
1100011001001011
0111011000000100
1010011100110110
0000000000000000
0000000000000000
0001111111000000
0111111110000000
0000001100000101
1111111110000000
1000100101110011
0000000000000000
0111011100100000
1001000110000001
0010110010010111
0110110101010001
0111111110000000
1111111110000000
0000000000000000
1101110101000010
0000000000000000
1000111100111110
1101111101000100
1111111110000000
0011100010101011
1110001110010110
0011110101100100
1111111110000000
1111100110100010
0001111000001011
1100010010101010
1111111110000000
0001111010101110
1111110111100000
1001100010000010
1111111110000000
0001011000001010
1001000001001100
1001001000100011
1100011001101111
0000000000000000
0100011000100011
1001101101111100
0101111110101001
0111111110000000
1010000000010011
1100010111111110
0000000000000000
1011011100111111
0010110010111010
0001001001100001
0001010110001110
0001110011111000
0111111110000000
1000010101110000
0010010001100110
0000000000000000
0111101100110111
0001100010001011
1101000011101000
1110101101001000
0110010000110110
1101011110001011
0000000000000000
0111000011101101
1001010010110111
0000111100001000
0100100001000111
1101111000010001
0000000000000000
1100101010100011
0101011010101100
0100110000110111
1110100011111110
0011100011111111
0111111110000000
1100000001001010
0101100011010111
0101101010010001
1110011010001011
0101111100011000
1010101111111101
0000000000000000
1101101111000110
0001100101111010
0000011010111010
0111001000100100
1101010001101010
1010011111010001
0011001011001000
1101011100011010
1011111011111110
1100100101111110
1111111010001001
1001000110101001
1001101100111101
1100000110001100
1111000000110111
0101101010011101
1000011011110111
1000100000010010
0011111010001001
1111001110111101
0000000000000000
0010100111000110
1001101010001110
0111001100111101
0010111010111011
0010010100001110
0100011100111111
0011011101110001
0111111110000000
1101100001100001
1111111110000000
1010111110111010
1011101000110011
0011100111100101
1100110011001010
1111111110000000
0001010100101110
1101000111110111
0000000000000000
1011000100001110
0111111110000000
0000000000000000
0000000000000000
0100110101100101
0000000000000000
0000111101101101
0001110110010110
1011001000010010
1110010011111101
0011010100100110
0100101101111101
1111111110000000
0101101011100011
1100010001000000
1000100001010101
0011000111101001
0111111110000000
0100001110001000
0111111110000000
1001011111011011
0010101100101010
0001010100000111
0000000000000000
1111111110000000
1010000000010101
1001111100001110
0101110111101000
0001001001001001
1101010000010100
0000000000000000
0101111100001111
1001011101110101
1000001011011001
0000000000000000
1110000011101000
0100010100100100
1111100000010100
0101101000010001
0000000000000000
1101110011110110
0010000000011000
0110010000100101
0100000100110111
1011011000111011
0111111110000000
1111101011010100
0111111110000000
0100101110111100
1011001011011010
0010001101110110
1011000110010000
0101101100010000
1011001110000111
0110100010111111
0111111110000000
1111111110000000
1010000011110101
1101010100010001
0110111010100101
0011100100000110
0110000000011011
1101110010000011
0111010011001010
0111111110000000
0000000000000000
0101000100111011
1110101000001001
1100100010011100
0100111101111110
0100011100001110
0001101101010101
1010101110101001
0010101000001111
0000000000000000
1100000001100110
1111111110000000
0101001000011100
0000000000000000
0111000000111100
0000000000000000
1100100010000011
1001110010001111
1111111110000000
1010010111010000
1111010111001101
0000000000000000
0111111110000000
0000000000000000
1010100100100001
1101010101011110
0000000000000000
0000000000000000
1101001011101001
1100000100000111
0101110001100111
0010011011100100
0000000000000000
0111111110000000
0010011000100011
0010011111101010
0001100111001101
0000000000000000
0000110010011110
1010001000110000
0111010100101111
1001001100100110
0000000000000000
0110100001010101
0101001010110011
0010101011111100
0000000000000000
1010100110111010
1111111110000000
1100000010111111
1001110010000001
0000000000000000
0000000000000000
0111011100100010
0000000000000000
0000000000000000
1110001111100110
0010011100101011
0000000000000000
0000000110110010
1011110000111001
0010100001000001
0000000000000000
1000110010011101
0010111101110110
0000000000000000
0101011000000101
0000000000000000
0111100000001111
1110011111000011
1011001001100100
0000000000000000
1111010110111010
1100010000101101
0100011011110101
0111111110000000
1101100010101100
1011010110100010
0111011101011000
0101001111001010
0011110111110010
0100011110011011
1110111001000011
0110011100010010
0010011100011001
0000000000000000
0000000000000000
0000000000000000
0101101010111100
1011011011010001
0000000000000000
1011001100001100
0100010010100111
0101000111000101
0000000000000000
1110110011100111
0000000000000000
1111111110000000
0000000000000000
1000011011110111
1001000011101011
0010111101000101
0000000000000000
0011010010011011
0000000000000000
0111111110000000
1000011010000010
0000000000000000
0011110100011011
0000110000011111
1100000110101000
1100100111110100
0000001111101011
1011001110101010
0111000010011111
1001100110101110
0111101000111001
0000000000000000
1111000111101110
0110001000100111
1111111110000000
0000000000000000
0000000000000000
0010101001000111
1001001001011100
1011000100011111
0000001000100110
0010000011111010
1001001111101011
1000011011110111
0100000110000100
1111111110000000
1111111110000000
1011101011000000
1110110001000000
1110000110101001
0010011010010011
0110100111100001
0111111110000000
1010000110100100
1000100000001100
0101101111011111
1000101110011111
1001100000010110
0111111110000000
0000000000000000
0111111010010000
0011110010111000
1100111010110000
1010111111010100
1001010011111110
0001011110011000
1011001110110000
0000000000000000
1111111110000000
1011010101100011
0011000101000001
1111011000011001
0010011100010100
1111111110000000
1011011111011001
0111111110000000
1000001001101110
1001010100010111
0100001000010101
1110001011100100
0111111110000000
1100001010111011
0000000000000000
1010110110011000
1100001001011100
0010000010000110
0001101110111011
1111111001001001
0000000000000000
0000000000000000
1100100011101001
0000000000000000
0000000000000000
0000010010001001
1100000000011110
0111001110101001
1011001110111010
0001100000101001
1110000100101110
1001111010111100
0101100010100010
1011000011110111
0111111110000000
1101001100101111
0101011100110001
0000000000000000
0101010110011010
1100111101111111
1000100010011011
1101000110111000
1101011010000101
1000011010110000
1101110100000101
0111111110000000
0000001100010000
0101010010000010
1001101101011010
1010011000001000
1101111011011000
1111111110000000
1000101100010000
1010011100100011
1011000011010111
0000000000000000
1100000100011011
1101011110011001
0000000000000000
1100111001001111
0000000000000000
0110110001000100
1100011100000101
1000110110001101
0110001110000001
1010101111001110
0000000000000000
1011111110100111
0100001000100110
0100010100010101
0101000010010110
0110110000010100
1010001001101100
1011100000011100
1010100010110101
0011011110010110
0000000000000000
1111111110000000
0000000000000000
1100011110010010
0111111110000000
0100000110001011
1101111011001101
0010111000000010
0000100010011001
0011010100101111
1111111110000000
1011111111011001
0011011111000011
0110101110111001
0110010110001000
0010110100001100
0001111000011001
1101001000010000
0010101000011100
0101100101000101
0111111110000000
1110111011010110
0001100111000100
1010100101010110
0111101011110001
1011111100101101
1010101110011110
1010110011011101
1111111110000000
1100011101010010
0011001111001010
0000110010000010
1100101011001001
1111010010000111
1101110010110111
0101000111110001
0000000000000000
0111111001101111
0101101110101111
0101010010110010
0100000000111111
0001100101111110
0110000100010000
1100001010001110
0100110000110111
0000000000000000
0001001001100011
1110001100101111
1001101010100010
1001100101010111
1111101010100010
1111011010100100
0111111110000000
0000000000000000
0101011110011110
1001001011010101
0101010010011101
0011001101011011
0000101101010011
1010110101000110
0100000100111011
0100100111010110
0100001101001111
1100101100100100
1111111110000000
1000110001101001
1100010011101110
1110100101001001
0010110111011110
0000001000101100
1100101101111000
1100100011011110
1001101010000101
0001001100001000
0000000000000000
0101110001111011
1000000011001111
0101010101101111
1011110010001001
1001110110011100
1111111110000000
1101000110111100
0111111110000000
1101001011101110
0101100100110001
1010011010011010
0000000000000000
1011111000101011
0010101110111011
0001101100111100
0110101110011110
1010000110100001
1111111110000000
0000000000000000
0000000000000000
1101001001110110
0111111110000000
0110011101010011
0111111010000010
0100001000010110
1111000011001010
0101110110011111
0011010011110010
1110001111110101
1100001111011010
0101010000000011
0010001010110100
1110001110000000
0101100010000111
1100010100111001
1011000101011001
0111000111000100
1000001000101111
0000000000000000
0010101110000000
1100100110101111
0111111110000000
1001111010000111
1011100110110100
1111111110000000
1010001010011011
1110111111111110
1100000101110001
1010010001110010
0111101110010110
1111111110000000
0101000001110100
1000101101101110
1011010001100011
1111111110000000
0111100110110001
1000101111100101
0001001101011100
0011110011000001
0000000000000000
1110011001110101
0110011010111100
1001010001111000
1001010010001110
1011010011001000
1011001100010000
0110100000001101
1100111110000000
1101010010000001
1000101110001010
0100100111111110
0111111110000000
1111001110011000
0000000000000000
0001111001010100
1100010010110000
1111111110000000
0000000000000000
0011010111100000
0011101110000001
0000000000000000
0010111001011010
0001010111010111
0110111110110011
1110000110010000
0100001010111001
0011010111111000
1100101000111001
0000000000000000
0011011011000000
0010010100000010
1010000011101111
1100010110000101
0101000100110111
1100110110111011
0001101111010010
0110100010110011
1100011011101000
0000000000000000
0001010101010010
1001010110111001
1111111110000000
1010100101010110
1110010010010011
1110100000110000
0000000000000000
1110000100010110
0111111110000000
0100101000111111
0011010000011111
1011111000000011
0111111110000000
0010110010100100
1011100011101110
1101001101010100
0000000000000000
0000000000000000
0000000000000000
0110101010010101
1010001010101011
1111111110000000
1111111110000000
0111111110000000
1100010110101100
1010010110000111
1111111110000000
1110001101111100
1111110100000000
1001011111101101
0111111110000000
0010001000010111
0000000000000000
1010100011011000
1010111110001000
1100111111010001
1010010111010111
1111111110000000
1000010000011101
1111101100111100
1010011101111111
0011100100111001
0100111100001001
1010011010000100
1101111001000011
0111101010011000
1110111100011001
1010001011010001
0000000000000000
0111111110000000
1010011111101010
1001001100010110
1101001011000001
1100011000001100
1100111010010011
0111111110000000
1011000000101011
1111111110000000
1011000011110001
0111110100000111
0111111110000000
1011000110100001
1111111110000000
1010110001011101
0001010010100111
1110110100001111
1001000110110110
1111111110000000
1010111100010110
1110111011000010
1100010100000110
1111111110000000
1101000111000011
0010000100100110
0011110000110000
0000000000000000
0110110110011101
0100000101001101
0010010110110110
1001010101100101
1111111110000000
1101001100010110
1111111110000000
1110011000001000
1001001110010010
0110010001011101
0111111110000000
1110100110010001
0001001001101100
1010111000110100
0111010111000100
1100000010011001
1111111110000000
0000000000000000
1000110100011010
0000000000000000
0011100011110010
0100010101110000
0011110101010000
1001111000010100
0001010101001010
0100110100010011
1010100110010011
1111111110000000
0000000000000000
0001010111100111
0100000010000000
0000000000000000
1100100011110110
0010000101110111
0101010000101001
1010010100001000
0010101000000100
0000000000000000
1000001010000011
0011101010101100
1111111110000000
1010111000110100
0001010100110100
0011000010010011
1111000011101100
1010001110001010
0111111110000000
1111010001110001
0101110001010010
1101110010001110
0000110111101011
1001001011101011
1101001101000000
1010100000110011
1111111110000000
0001011000110011
0100001001111101
1111111110000000
0011100000101100
1100000010111110
1010111100001011
1101000110010100
0110101101001000
0111111110000000
1011000011101111
1111000100010000
0100011111100010
1110010101010000
0101010101011010
0000000000000000
0111111110000000
0111111110000000
1110000101000101
1011111111100100
0111111110000000
1111111110000000
1111111110000000
0000000000000000
0101000100110101
0111011011010010
0100001000101000
0110000100111011
1001111000111100
0101010101010011
1011111011000000
1000010000100100
0111111110000000
1111111110000000
1011011010110001
0100111110010011
1000001010010111
0111111110000000
0010101111100100
0000000000000000
1011001110011010
1101010011001010
0111011101100101
1110001000100101
0001011001010110
0110011010000110
1110100000010001
1110011010100000
1011111101101110
0010111100010010
0000101101011010
0101001011101010
0000000000000000
0000010000100110
0001101100100101
0101000100111010
1010101000011101
0111111110000000
1011101011110000
0101100100010100
0110100100011110
1011101101000010
1100000001000101
0000110100010011
0000000000000000
0100111000110100
0100011111111111
0000000000000000
0101011111011011
0011101110011111
1000011000000011
1101101100101010
1000110011111101
0101110000000101
1110101010111110
1010010100001010
1100111001100100
0000000000000000
0001010000110010
0000100100111001
1101011111100111
0111010010110001
1100011110110011
0000000000000000
1101101010011100
0011111110101110
1111111110000000
1011010001101001
0110001110000100
0011101111111100
1111010111101101
0101000100000101
0011111001100000
0110010001010110
1111100011101001
1110011000111101
0111111110000000
0011011100000111
1001011000110110
1100010111110011
0011000011011111
1000010000110010
1111111110000000
1011010110111001
0001101000101010
0000000000000000
0000000000000000
1100110010000000
1111000010110011
1100001100101010
0111010001011000
1101110110011100
0111001100111111
1110111010011100
0000001000011100
1100111101111000
0111111110000000
1100001111010100
0111111110000000
1011110110100010
1100010011001001
1010001001100101
1000011100011100
1011000011110100
1000101010001011
0011010011011110
0110010001111100
0000000000000000
0100011110011010
1101101001001100
0011101010110100
0110110011001110
1100100101001101
1010011000010010
0100110011010001
1010010010011111
1110100111110111
1011011011011000
0100100011110000
1010110001100111
0000110111101111
0110000111001011
0101100010011010
1101011001000011
0110110010110011
1001100010110111
0111100010110001
1101111110111000
1111111010011101
1111111110000000
1111110001111011
0000000000000000
0011010010100110
1111111110000000
0000000000000000
0111001100000100
1101100010110111
0000000000000000
1111111110000000
1101101011101001
0110001000100100
0000000000000000
0010100010001101
1101000010110100
0110011100100001
0000000000000000
0100110111100100
0111110110110001
0111000011010001
1110011001101110
1100011001010000
0100011100001010
1010011110100100
1111111110000000
0010011000000111
0111111110000000
1101010100101011
0011111100101010
1011000110110100
0000000000000000
1100100111111100
1100001011000100
0000000000000000
0000000000000000
0000000000000000
0111001000100101
1100001110001100
0100010011010101
0000000000000000
1001000011000010
0010010001111000
1111111110000000
1010010111011001
1101001010011000
0001111001110111
0010111111111100
1100101110001110
0000000000000000
1101101101110101
1011001010101111
0111000110011100
0000000000000000
0000000000000000
0011111100000100
0001101100111100
1111011000011010
0000000000000000
0100000100000111
0010011011101100
1010111101010000
1110011000101010
0001010001000001
0000000000000000
1111111110000000
0000001101010100
1011111000010100
0100110011011111
0000101110011101
0110010001111011
1110101010000010
0111111110000000
0010011011110110
1110111110101000
0100110010011010
1100010011000110
1000101111111010
0011111100000110
1010111010000111
1000100011100110
1001100101011101
1101010101001000
0000000000000000
1110100011101111
0000000000000000
0000000000000000
1111111110000000
1100100111000011
1110000101110110
1111111110000000
1110110010011111
0000000000000000
1101110000010101
1100100011011101
1010110000001111
0100000001101001
1010101010101011
1101110000010111
1100010101101111
0111111011111100
1010001010010111
0000101010010111
0011001111010000
0001101011000000
1010100100110110
1010011000001101
0000000110101111
0001111001110111
0011111101100101
0001101010011001
1011011110100011
0111101000101001
0100010000111000
0000000000000000
1010110001100111
1011010010011111
0010001100000011
0011011100100011
1010101110001101
0000000101111011
1110100001011100
0110011010100001
1011000010010100
0010010110100010
1111111110000000
1111101000000000
1011110100000001
0101110011101000
0010011101100110
0101010101010101
0010111001100011
0011110001010011
1100000011101100
1100110000100001
0100111000001110
1100111101011110
0101111010100011
1111111110000000
1100100000010110
1010010001110001
1100100000010001
0111111000110110
1111011000101010
0111111110000000
0111111110000000
0110001110001000
0111111110000000
0110001001111011
1000100110110011
0111000000100111
1111111110000000
0111111110000000
1100001101001000
1110101101100011
1111111110000000
0111111110000000
1011100010000010
0000000000000000
0111111110000000
1010100101000100
1001010011101001
0111111110000000
1101110110000000
0001000011000001
0100100001010010
1101010010111010
1111111110000000
1100101011111100
0000110010110111
1100000011100110
1000001101011010
1010110000100000
1111011001000100
1110010000100111
0000011111010101
0100011111110000
0011011101011111
0111111110000000
0000000000000000
0000000000000000
1010000001000000
1111110000101011
0101000010011010
1010001001101101
0111101001011010
1111111110000000
1100110000001011
1111111110000000
0111010101001011
1001000001110000
0011001101000111
1000101001100000
0000000000000000
0011101101000111
1101000010100101
1100100110001101
0101111010001001
1111111110000000
0100001010100111
0000000000000000
1000001001101101
1000011101111010
0010100100011010
0100110011010000
0111001101110001
0110001010111010
1001011100001101
0101110001001010
0011000111110011
1111111110000000
0011101101010111
1011110100011000
0000001110110110
0001110101111011
1000111000100100
1011111000100111
1010100100000000
0000000000000000
0010010101111100
0100010111101010
0010101010101100
0101001111110000
0111111110000000
0111111110000000
0100001000111010
1101111011101101
1011111000100111
0101001010100010
1110011110010000
0110010100001001
1110101110100101
0001100010111000
1011001000001111
0101001110110011
0110101000010100
1111011000011111
0001001100011000
0011010001001101
0100101001010001
1111111110000000
0100011110110001
0100011100001011
1101101011100100
0011011110010010
0110001101011010
1001100001001101
1001011111110101
0000101100111110
1111111110000000
0101011011111001
1011000100010110
0111111110000000
0101111001010010
0111010010001011
1111111110000000
0111111110000000
1101111001000001
0000000000000000
0111001110111011
1010011000000000
0000000000000000
1100000011110010
1101000101111001
1100101000101111
0011111110101100
1111010000011000
1101000101000001
0000000000000000
0000000101011011
0111010011101100
0111111110000000
1111111110000000
1111111110000000
0000000000000000
0110010001001100
0000000000000000
1011010010010111
1111111110000000
1001001110101001
0111011001110011
0101000101001100
1101011000011011
0100000110110010
0000000000000000
0111001101100000
0000000000000000
1011000010010011
1111111110000000
1111111110000000
1111111110000000
1011001110010100
1101000111011111
1011110011100111
1011100010011000
1110111010011010
1011010010011010
0000000000000000
1100011010101001
0111111110000000
1101111101000101
0101001010110011
1101101000100010
0111110111001100
1001111100010000
0101001000111001
0001010001100001
1111111110000000
0100111000100010
1011111100001100
1001000000110100
0000000000000000
1111101011000011
1100000100010000
1111111110000000
0010011010110101
0101010010011111
0011011100100110
1111111110000000
0110000110110111
0101011101000001
1111111110000000
0011010010100101
1100110000000100
1001010101011100
0010011000100110
1111111110000000
0000000000000000
1011111011111100
1001111110111011
0111111110000000
1111011011001000
1011101111101000
0000000000000000
0000000000000000
0000000000000000
0000000000000000
1001010001011000
1110110100001101
0100010001100000
0000000000000000
0000000000000000
1110110000001111
0100101101110110
0111111110000000
1111111110000000
1100100111001000
0000010110011010
1101010100001011
0000000000000000
0111111110000000
0000000000000000
0100011010001101
0011100110010111
0000000000000000
1000101010000000
0111111110000000
0000000000000000
1110100000110011
1101010000001101
0000000000000000
1010101011100011
1101001111001100
1111110000000111
0000000000000000
1100100011000111
0111111100000011
1111111110000000
1111111110000000
1111000100100101
0000000000000000
1101011100010011
0001000000101101
0011111111101101
1010111011011010
1011001110111100
0110111000001000
1000111011110010
0000000000000000
1010100010011010
1110110110101011
0100001101011000
1100100000000010
0001101100110100
0111111110000000
0101001100010000
1011010110110100
0100101110101100
1111001101001101
1001111100011010
0110011110011001
0011111001100110
1010011001110110
0101100011111000
0000000000000000
0010101010100010
0111011110100000
0000000000000000
1111010010011000
1111111110000000
1101101011100000
0111111110000000
0100100010010011
1010010001001010
0110010111110010
0000000000000000
1001100001110110
1110000110010111
0101100011011111
1111111110000000
0111111110000000
0000110100001111
0011101100101111
0010001010011100
1010001100011111
1100100100011100
0010111100010000
1111111110000000
0101110000001010
1111111110000000
1111111000110011
0101011001101111
1101101011100000
1011001000100011
0100110101000111
0010111010000101
1010110001110001
0111111101100111
1001010010011001
0000001011010110
0111111110000000
0100000010101111
1111010100010101
1100000011101011
1010101000100011
1111111110000000
1001100100010001
1001001001010001
1001001001001011
0111001101011110
0000000000000000
0100110111100000
1000001001101100
0011111000011010
1001101011110001
0000000000000000
1100110111111100
0100000001000101
1111111110000000
0010111011111100
0000000000000000
0000100011101100
1001100111111101
1000110110001010
0100001110110011
0100100010011010
0100000110101101
1111111110000000
1100101010001111
0010110001111000
0000000000000000
0111111110000000
0101010001110100
0011111111011110
0001100100100101
0101010011000110
1110000101000101
1111111110000000
0111101000110011
1101111001010000
1111111110000000
0000000000000000
0101100011110001
1111111110000000
0010000001010100
1011000100111011
0000100110111100
0101111010001100
0101000111000101
1111000100010010
0000000000000000
1111111101111001
0111100011100110
1011111101110010
1001111111000011
1111111110000000
0011100000110001
0110110011000001
1111111110000000
1000010101101011
1100011110001010
1010101111010110
0000000000000000
0000000000000000
0111000100100011
0101011010100001
0011000110101001
1101010111100010
0000000000000000
0111111110000000
0101001100001011
0100000110100110
1111111110000000
0110111010011110
1111111110000000
1011011000000011
0000000000000000
0010011001010011
1000010000001000
1101110111010011
0111000011100110
1111111110000000
1100101010000100
0011011101010000
1101111111010011
0100101101100001
0101011011110011
0111111110000000
1010111111010100
0011101010011011
1011001011101010
0110000001100110
1001010110111110
1111100100011101
0010000000010110
0000100101000110
0101101100001001
0111010111110011
1010110010110000
1011110101111111
1011000011111010
0000000000000000
0111111110000000
1111111110000000
0111110101010110
1100010110010110
0100110100101000
1111111110000000
0000000000000000
0000000000000000
0000110010100100
0100100000001010
1011001110010110
0000000000000000
1111111110000000
1110110100110100
0100110010111010
1100110001000110
0000000000000000
1101010000001000
0001100001010000
0111111110000000
1111001100111001
0101011011100111
1001110111000100
0111001110000010
0111111110000000
1101101011101110
0010010011111000
1100001110100001
0000000000000000
1000011110000100
1110001110110111
1111111110000000
1011011101101000
0111000000011011
0000000000000000
1010110000100011
0101111110000011
0000000000000000
0000000000000000
1110011010000000
0110101101101000
0010001010001000
1111110110110011
1101111110101100
1100101010101101
0101101100000000
0110011011001011
1000101111011010
1111111110000000
1011010000110110
0011011001011000
0110111100100100
1101011111100000
1001001010011101
0101011101011100
0110101010000110
1110011100111101
0000000000000000
0010100110000111
0000000000000000
1110011100011000
1111111110000000
1100101001001101
1110000110010011
1111111110000000
1001001101011111
1001101110010101
1010110101110101
0000000000000000
1011001011011100
1100101010000001
0001000100000001
0101010100001111
1111111110000000
0011001110100000
1011000000010011
1111100000010011
1010111000011000
1111110000011010
0100010000011100
0011000011100101
1100000100011011
1001001100001010
0000000000000000
0111111110000000
0100111011100100
1110111100000001
1011111111101100
0000000000000000
1111101001001111
1111111110000000
0010101001100010
1110001001001001
0000000000000000
1110011000011111
1111011100110111
1100101101111100
0101110011000000
1110101110101010
0000000000000000
0100111001001111
0100001010011000
1111111110000000
0011000010000111
1101001011000100
1111111110000000
0111111110000000
1111011111110011
0111111110000000
0111111110000000
1011001000000111
0100010001010110
0011111000001100
0000000000000000
0110010101011001
1011100101110011
1110001100011111
0011111100001101
0000100010101001
0111111110000000
1010110110101001
0000000000000000
0100011010101111
0001011010101110
0000001010010110
1001101000010011
1100000101011001
0001010000010111
1101010010001010
1011101101011100
0000000000000000
0001110000110000
0111111110000000
0001111101110101
1101101100000111
1000000010001101
0111011000010001
1000010110110101
1100011000110010
0000000000000000
0000000000000000
0000000000000000
0000011000110010
0100111101000111
1111111110000000
1001000000100000
1010011100101011
1111010011110011
0011000101100011
1000100010101101
0110110001100011
1111001111111001
1110000011100000
0001101001101100
0111111110000000
0110000110101111
1011100010101010
0011010100101101
0100001001111101
0011100001100000
1100000111010110
0111001001110110
1110110100001110
1110110101110100
0100110000011000
1111110111101011
0101111001110110
0101111011001011
0001001011011111
0011110011011011
0000000000000000
0000101101011111
1100100100001110
1111111110000000
0100001101101011
1101011101100010
0001100011010111
0000000000000000
1001101001111001
1011111111001000
0110010000111111
0110100000000011
1100001000110010
0000000000000000
0111011000001110
0000100000111000
1101011001100001
0100101100000100
1101111011000001
1010110100001101
1001111011100110
1011110001011100
0000111111101110
0110000101010100
1110000100001000
0111111110000000
0100000000000001
0110101011000010
0000000000000000
1111111110000000
1011101101101111
1100100000110111
1101111110111111
1001001000110111
1110010110001110
1000100110111000
1111001100010110
1101111100100001
1111111110000000
0001010111111001
1000110111000011
0111111001110101
0001101100101001
1111000100100000
0101000001001111
1011010101101111
1000010010111100
0001111111010110
0101010110101100
0101011011011011
1111111110000000
0000000000000000
1111011101001101
0001100100010001
1111011110000000
0000000000000000
0101000010101000
0110111111001101
0101011001100110
1001011101110111
1101000010101101
0001010100110110
0000000000000000
0000000000000000
0011011011110100
1000101100011111
1110110010111000
0000001000111011
0001011011101010
0000000000000000
0110001110011100
0111111110000000
1010000011001110
0000000000000000
0001001100110001
0110101101000101
0100111101101100
1011001000000110
0010101111100111
1111111110000000
1011001110011110
0101110101010000
0110010000110001
1010110110101111
0011010010011101
0111111010110011
1110111010001100
0000101110010100
0000000000000000
1011011001101100
0101011110011001
0010011010010101
1011111111001010
1101010100000100
1000110010101110
0100111101011011
1001001111000111
0000000000000000
0011110000001010
1011001101000000
0011000110011100
0010101000101101
0111111110000000
0000000000000000
1111111110000000
1100100110100100
1100110000111100
1000001000011000
1011010000110111
1100101100010010
1100000001000101
1100101100101000
1101010110100010
0011110110011011
0110000011001000
1100100110111010
0000000000000000
0010110110001111
1011011111100001
0000110001101010
0011000010000011
0000000000000000
1001001100011110
0000101010100001
0000000000000000
0111111110000000
1110000001011111
0111111110000000
1100000111101101
0000000000000000
1011110000101100
0011000001111000
1011100111101010
0100001011111000
1011011110011101
0000000000000000
1111111110000000
1111000101001110
0000110100000101
1101000110010101
1110001010010110
0001000110010010
1011110111110111
0011010010100011
1111111110000000
1011101111010010
0011000000110011
0000000000000000
0010100101011011
0100000110000110
1010001011101110
1000011011111000
1110001000011101
1100010110010001
0111111110000000
0111011100101111
0101010100001010
0000000110001101
0101011010001000
0110000010011100
1001110000001010
0100111010100110
0011001101111000
0010110000010110
0000000000000000
1111011010110101
1110000100000000
0100111100011011
0000000000000000
1011001101110101
0000000000000000
0110001000000001
0011100010000100
1011110110011010
0111001100100001
1010100010010001
1010101000011011
0000000000000000
1011000111011100
0000000000000000
1011100011011111
1111111110000000
1010000000011101
0110001100100011
1011001100100000
0000000000000000
0101000000110000
0010000001000110
0101100110010011
1011110111111110
0000000000000000
0000000000000000
0011010010000001
1110010010100110
1111111110000000
0000000000000000
0111100011000011
0001101001100010
1011100000111011
0001111001010110
1011100110011011
0111000010001011
0000000000000000
1010001010111111
1001011001010110
0011110000011101
0100000000001101
1011001010110010
0110000011101101
0011001100110110
1110000100001100
0000000000000000
0000000000000000
0110110110110010
1111111110000000
0000110100011000
0001101011100010
0000100110111101
1110010100100000
1101101110110010
1001000110001001
1111111110000000
0001100111001000
1110001000110111
1111001110101011
0100001111001110
0000000000000000
1010110111011010
0111111110000000
1100110010111100
1111000110110110
1010011011111100
0011000010000011
0111111110000000
0011001110101111
1111111110000000
0100011010111101
0000000000000000
1010111011000011
1100000111000000
1000001011101111
0000000000000000
0100011000111001
0100110111000010
0000001100101011
0001110101001100
0110110000101101
1000001000010111
0111111110000000
1001101111100001
0000000000000000
0111111110000000
1001010100111101
0000000000000000
0000000000000000
0101110000101010
0011010001001110
1101100001101101
0101111001110011
1111111000010111
0100001111101110
0000000000000000
0000000110011000
0100010011110100
1011101100100101
1110100011111111
0111111110000000
0010000010001101
1111101100111001
0100000101111011
0110111010000111
1001101110111001
1111111110000000
0001110111010110
1001110100000100
1010101100110000
0111111110000000
0100111111000100
1111111110000000
0010010010110110
0010000000100110
1010000111000010
1101111101001011
1111101001000100
1111111110000000
1110110010011001
0110000110110110
0100101011100001
0000100010000010
0011101010011101
1010000100010010
0011000101000111
1001110100000010
0111000101001100
1101100000001101
1111111100000011
1111110111001011
1100000110011000
0000000000000000
1100111100011100
0001010001110110
0000000000000000
1100110010111010
1011011101000110
1101000110000010
0000000000000000
0010001000000100
0101000100111010
0111111110000000
0111100011101100
1101110100010011
1100101001000000
0111111100111101
0110111011111010
1101011100100111
0110000100000100
0110111110001110
0100111010111110
0111111110000000
0001111101100000
0000000000000000
0101110010100101
0111111110000000
0100101010100011
0111111110000000
0000000000000000
0111111110000000
1001101010010101
0011010010011001
1111111110000000
0001001010011011
1111111110000000
1100000101011100
1111111110000000
1111111110000000
1110010100001001
0110101011001111
0010110000111011
0110001001001010
0010000001001111
0000000000000000
1100100011010001
0000000000000000
0000000000000000
0011000101001100
1011001010100110
1000110110010010
0111111110000000
1000111101000011
0001110110100111
0100011101000111
0000000000000000
0011000100000111
0111101000010010
1011001111001111
1111111101000011
0100011111011001
0000101001101110
0000011101001101
1011010110101101
0000101110110001
0010100100011010
0000000000000000
0110011000100100
1011010100101100
1100010110010000
0101111000001101
1011000110001011
0011000111111000
1101001000111000
0000110010111010
1011110100000101
0010100101101100
1001110110011000
0011100000101010
0101101100110100
0110110100110011
0000000000000000
0110001101110101
0111101000001110
0011100101010001
0000011100001111
1011010101100000
1111101101000101
1000001011010001
1100000100110010
1110001101000001
1111111110000000
1111111110000000
0000100000001111
1100111010001110
0010011000000101
0000000000000000
1011111110101110
0011101001011000
0100110110000111
0111010100001111
1001000110000000
1111111110000000
0110111001101010
0100100010010010
0000000000000000
0010100111010101
1110001001100001
1001000001001000
1010111111001100
1101101100010111
0010010011101000
1111111110000000
1010100001001100
0011011010000111
0101010000011010
1011101001000100
0000000000000000
1011101010001000
1100001010001001
1111111110000000
0100101100010010
1011001101001101
0000000000000000
1010000010001010
0000000000000000
0000000000000000
0101101101001010
1101100011101000
1111000010000111
1000001111111101
0001010111110110
0000101011011110
1111111110000000
1111100010101001
0110001011101101
0011111011001001
0000000000000000
0100110100001011
0000001011101001
1111111110000000
1100000011100110
0011110100101010
1101100010010101
0111001100001111
0100100100011001
1101001101110111
0000011010101001
1001111001000100
1111100110100100
1100001101101010
0000000000000000
0111111110000000
0011110111001111
0011010000011111
1111010000101111
0000101000101010
0010010010000100
1101111010010010
1110001010101000
0000000000000000
0010011100001101
0000000011110100
1100011111110010
1101110100010100
0111111110000000
1111001011110111
0100100000000001
1100101010011111
1011001101101111
0001110010111101
1010111011000011
1111111110000000
0111111110000000
0111011010000111
1100000111101111
0111111110000000
0000000011100001
1101001101010101
0000000000000000
1111111110000000
1000000100001011
1100011110011100
0011111011011100
0111110000111110
1111101000101111
0000000000000000
1111111110000000
0000000000000000
1111000100110110
1111111110000000
0011110000010000
1111111110000000
0000000000000000
1011000001110000
0010010110111011
1111111110000000
1110001000111010
1010010011000110
1100101101001010
0111111110000000
1011101010010011
0000000000000000
1001010000011111
0000000000000000
1010111110100000
1010001100010000
1011100001110001
0000000000000000
0110110000001010
1010001110000101
1111111110000000
1100111011001010
1011101010111101
1010110110011111
0001001111110010
1000001000011101
1100110010011101
0101111010011010
1011100100001000
1110101010101010
0100101011000000
0110001001011010
0111111110000000
1001101010000101
0111011000100010
1000010111001010
0011111101010010
1110001111101110
0111111110000000
1111111110000000
0111000000111111
0100111001100110
0011110100100010
0000000000000000
1101110010101011
1110010100000010
1111101110101000
0101000101111010
0110100010001000
0000000000000000
0011000000011000
0111101110111111
1100100010110001
1110100010001011
0110101100100101
1111111110000000
1100110101100110
0111010101000010
1111111110000000
1010010010001011
1111111101111011
0011011010101000
1011110101010000
1000100001101111
1010101010010001
0001111110011110
0100001000100110
1100100101000101
0100010100000011
0011001110000110
0100110001011000
1110011101000110
1111111110000000
0111111110000000
0000000000000000
0100001101001110
0000000000000000
0000000000000000
0110000011101001
0000000000000000
1111111110000000
0110101100010000
0000000000000000
0011001000111110
0011011110000011
1010001001100010
1011101010111101
0011100000011011
0111111110000000
1111010011110011
0110100110000001
0111111110000000
0111101001001110
1111111110000000
0100010110110100
0010111110111001
1010001110100100
1111001111111100
1101100100000010
1111000011101000
0111000010101001
0011010001110001
0000000000000000
0010110000110000
0111111110000000
0000000000000000
0000000000000000
0011100000010110
0111110110011110
0001111010101111
0000000000000000
0000101111100101
1111111110000000
0111111110000000
1011101011000100
0111111110000000
1111111110000000
1111111110000000
0110001100010110
1010000011101011
0001100100101110
0000000000000000
1100011100000110
1011101010110100
0111111110000000
1101000010011110
0100100100000010
1100011000100010
1000101000110011
0100100000000001
0010011000100100
1010001110111111
1011110100101000
1011001111011000
1111111000001011
0000011011001110
0000000000000000
1110011101100011
0010001000100010
1111100011110011
0000100100001111
1000001010011011
0000010110111101
0000000000000000
0101100100011100
0001011011100011
0001101011111110
0000000100011101
1010000111101100
1110011101000001
0111101111000010
0101100011000001
1111111110000000
1010111111011110
1101100000110110
1110110000101100
0000111110010001
1100011000111110
1000110001000001
0101100010111001
0000000000000000
0011100101111011
1000101010011100
1100010111011011
0000000000000000
1101011001101011
1111111110000000
1000101011001000
0011010100101001
0000000000000000
0110000100110001
0111111110000000
1010110111000010
0000000000000000
0100000010111110
1110110001011010
1001001100000110
0000100001111111
0111000000101001
1101111111100111
1000000111100011
1110111100010010
1110010111000110
