1010101010011110
1000000000000000
0110010100101010
1110100001100011
1111111110000000
1010011010001001
0001001001000011
0111010110001001
1111111110000000
0100010001100001
1100110100100000
1010110000100110
1001101110111111
1010010011101011
0101101010100100
1010101001010100
1000000000000000
0101100011101000
0100010011101111
0010101100011000
0000001010101010
0011100111100000
0001100101001001
0101011100001100
1101110000010010
0000000000000000
1000000000000000
1000000000000000
1100010000111111
0101010101011010
0101101011000011
0000000000000000
0011111111110100
1111111110000000
0010100101101100
0000000000000000
1111111110000000
0111011111110110
1110001101111100
0110111111001100
0000000000000000
0100100010111010
0100000111101110
0000101110001110
0100000110011111
1100000000100101
0000000000000000
1001100100101010
0011111110110001
0110111110000001
1100001010100101
0001111101010100
0010001110001001
0000110000110001
0111111110000000
0100001111110010
0011100011101110
1000000000000000
1010111010100001
0110010001111101
0011001111000100
1010011111001001
1000000000000000
1000110101101111
1110101001001100
1100101011000101
1000000000000000
0101001001010100
1110000001001111
1111111110000000
1100001011111010
0000001001100100
0011001001110011
1101111101000001
0011100111110101
0100100000001100
1100000100001100
1011101110111011
1010001000010111
1000111111111100
1110010110111000
0001000001100011
0011111111010010
1000000000000000
1100011001111000
0000000000000000
1111111110000000
1100101101011100
1000000000000000
1111001011100000
0100001101001111
0100101101110100
0000000000000000
1000000000000000
1011101110101111
0001011110100100
0100001101000011
0000000000000000
1110100010111011
0000000000000000
1010100011110111
1001100110101110
0000001101000000
0110100010111011
1101111111010111
1111111110000000
0100010001010000
0100110001111001
0111001010010000
0011011010111001
0000000000000000
0100001100111001
0000011110001100
0111111110000000
1111111110000000
0010101111001100
0111111110000000
1000000000000000
0011010100110000
1000000000000000
1011111100010000
0111111110000000
0100010100001111
0001000000110101
0000010110000010
0010110101011000
0011111000100000
0000000011010100
0011010000111010
0110100010101010
1100110001000100
1011110100011000
0100011101000010
1001101100010100
0001000000000100
1100000010010010
0101011000001011
1010101110010001
1110000110010001
1000001111001001
1000000000000000
1110110001101101
0101001100110010
1000111000111110
1111100011000101
1100110110111100
0010100000011000
0010001100011010
1010100000001000
0110011001010000
0001101111110011
0010100111010000
0000111101001101
0101011100111001
1011001011101000
0111111110000000
0011010010110010
0011011000000000
0000000000000000
1010010001100000
0111111110000000
1100111010001101
0111001100011100
0111111110000000
0000000000000000
0011110101001110
1100000100101010
0010010110000001
1100011011100011
0100011100010001
1100111010011010
1011011000100111
1000000000000000
0111111110000000
0001111110110100
0000000000000000
1101110101111010
1111111110000000
1011011111010000
0101101011010100
1100000000010100
1000100011001000
0000101111101000
0000000000000000
1000000000000000
1000011110000000
0101111110000101
0101000001110101
1111000110110101
0100001010101001
0010000010000110
0011011010100011
1100000011011110
0010110011101101
1100010010010010
0111010011101110
0010111100001110
1001101010001010
1110111000100000
0000000000000000
1010101000101100
0100110110000001
1000011010100001
1010111111111000
1011000001010011
0100111111001000
0100010101000001
0010101011010011
1010111110010111
1011000010110101
0100010011101001
0011011001101111
0100110100001000
1000101000010000
0110000100100010
0101100110001010
1010111010000010
1011101100101101
1011100110110100
0111111110000000
1000000000000000
1111111110000000
1101010011000111
1011111001101000
0010111010011110
1100000000101111
0000010110101101
0111000111001110
0000000000000000
0101111010110111
0100001000100010
0010011010100110
0000000000000000
0100100011101001
0001110100011111
1000001010111000
0111111110000000
1110000101011111
0110011111100001
0111111110000000
1011111111001111
0111111110000000
0111111110000000
1111111110000000
1111111110000000
0100101010000001
1100010011111000
0010001110011110
1100001111111100
1000000000000000
1111011111110011
1001111100111000
0010101010010001
0000000000000000
0000001100110100
0111111110000000
0100011110100000
0100100001001011
0000010011011111
0000000000000000
0101001001001011
1010001100101111
0100101000001100
0101001111001111
1000000000000000
1100101101000011
1011101111010000
0100111001111001
1001001111111010
1011101000010010
0100001010011000
0111111110000000
1010101110111010
0101111111011110
1111111110000000
1011011100010101
0111010110101111
1000001110110000
1011100010010100
1000000000000000
0100001111111001
1010000001111111
1111010100000001
1011000011010101
0110011011111010
0110001000101010
1001100001001101
0000000000000000
1011000010001001
0100111011100001
1101100000111110
1001101110000101
0110011101100110
0001101101001111
0010011011010001
0000000000000000
1000000000000000
0000100011111010
0001010100001110
0011011100010100
0111010010110010
0000000000000000
0111111110000000
1000000110010000
0111110110011110
0000111011111111
0010001000000100
0100011000010010
1110001100000100
0010101010001101
1000000000000000
1100111011111111
0110011010001111
1011001110011011
1000000000000000
1011111011101100
1011101010101110
0111111110000000
1000011100000011
1100101110110101
0010010100010001
1101111010100111
0100010110010111
0111101100011011
0000000000000000
1000001110111001
0110100010001111
1010111101001101
0100010000001100
1101011101011011
1111111110000000
1010110100001000
1000100111011010
0000000000000000
1000000000000000
1100100000100110
0000000000000000
0000001101001001
0101011011001100
0111111110000000
0000000000000000
0010010011111011
1111011000100101
0011110010011001
0000101100100010
1101100010000101
0000000000000000
0110000001010101
1101010110101001
1101000001100011
1001010010001110
1100101110010111
0001001110011000
0110010100100111
0111111110000000
1010110010101001
0111111110000000
0100010001100100
1011101111011100
0011100010001101
0010010010101010
0101010100011000
1111111110000000
0110101100110010
0101110100111000
1110001010100110
1100100100111001
1101010100001111
0100110000110101
1000000000000000
0101010000010000
1011100110000011
1000000000000000
0010010101011010
0101101010110010
1100011001001111
1101111010011010
0111101110000110
0001011011110111
0000000110001000
0101011110110010
0001000100110111
0010001010011111
1001101001101011
0000000000000000
0010001001101010
1011100101111011
0000000000000000
0000100111111111
1110100111010110
1000100000101110
1100011011101010
0100101001100101
1001010110111001
0001110001110100
0000000000000000
1000000000000000
1110001110011101
1011011011010100
0111010011000101
1101111110000011
0100110110000010
0110011011011001
1011001000010000
1101100000110111
0101101011000001
1000110000000010
1010010010011101
1000000000000000
0011110010110011
1111001001110011
0011100010000000
0111111100111110
0101001101100111
0011001100001100
0011111000100111
0111100011101010
1111111110000000
1011000011101010
1101010101000001
1110000100100000
1111111110000000
0100010100010000
0010110000101100
1000000000000000
1111111110000000
0111111110000000
0100010000101000
0111101000100110
0100110101010101
1101101100000010
1101110111001100
0001100101110101
0000100000111000
1011101111010101
1001101010111000
0010010001010101
0010111010100011
1111111110000000
1111111011111101
0000000000000000
0100001110011010
0111111110000000
0000101110100000
1100001011000111
1101011011011001
1001101111001100
1001000000101111
0111101100111100
0100010100110000
1000000000000000
1010111001010011
1101011111101111
0100011011000111
0010101101101100
0000000000000000
0101011111100011
0110000001111001
1010000101111010
0100011101110110
0001011000111011
1000000000000000
1000000000000000
0111000000101001
0010100000110001
1110110101101110
1111111110000000
0110100100110110
0100110001011100
0110111000010011
0110011100100011
0010011100100100
0001101000011001
1100110110001001
0111111110000000
1111111110000000
1010100000000110
1111111110000000
1111101101011010
1010001010010111
1000000000000000
0011001101111110
0110000001000100
0001101011000010
1111011011011100
0100000000100001
0010111111100000
0011001110111001
1000000000000000
1001010110101011
1000010100101111
1011111000110100
1111111110000000
1111111110000000
0011100010110001
0101010100001101
1010001010000110
0100111100001101
0100010000001001
0011011110101110
1001001010000000
1111111110000000
1001111111111110
0010001010001110
0100101101001111
0011110101100001
1110001010011001
0000000010100001
0111111110000000
0100010011001011
1101011000101011
1111100010000010
0111111110000000
0110100111100011
1010000110111010
0011010101010001
0101101100010100
0001100101010100
1011111101001111
1011010100111000
1110101011100110
0110100011001110
0100100000011111
1100000110100001
1011101100101001
0111111110000000
1010011011101110
1000000000000000
0000000000000000
0000011110001001
0101101101011100
1101010010010101
1100100101001000
0001101001001110
1011011001110110
1100001001010101
1010001000010001
1110010011110000
1011101101000111
1111000010000111
0111111001011111
0110110110010010
0001100001010100
1000000000000000
1001100100011000
0101010100111000
0111111110000000
0100111110000001
0011110000011101
0100011000001011
1111111110000000
1000000000000000
1000101001001011
0101001001011001
1001000000111000
0000010100111011
1100000100010000
1110100100001011
1111111110000000
0100101111110111
1001011000000011
0001101110011010
1101101001000001
1000100111100111
0010101000010011
1100010000101000
0011100000110000
1011000000111011
1001110111100001
0111101001101110
1001100000111000
1111111110000000
0000000000000000
1000010111100111
1101011100110101
1011110111001100
1000000000000000
1110001010000100
0111000111111110
0110000101001010
0101000111000000
0000011100011000
0001001100001110
0111111110000000
0111111110000000
0010110100100000
0000100111010101
1000000000000000
1000000000000000
1101010000001011
1111111110000000
1111111110000000
0010111110001011
0111111110000000
1100101100000111
0111001111110101
0011001101001000
1010101111101110
0111011111101111
0011101011001010
0100101101101110
1100010000000000
1000101010000110
0101010111000111
0100000111101010
0010100001111000
0101011011100010
0110101110010101
1101010010000001
1010111100111110
0010101000100111
1100100111010101
0000000000000000
0010101110001111
0010100110000001
1100101111011100
0111111110000000
1000000101010110
1000000000000000
1111111110000000
0100001000000011
1111111110000000
1011001010011010
1111111110000000
0010000000000110
0111111110000000
0001010000101101
1000101100111010
1010111010000100
1010111000000110
0110111110010110
0100100110101010
0000000000000000
1011110000110110
1100111110110100
1110010110000110
0010111111100111
1000000000000000
0011111100000111
0000101000110111
0011011010010100
0111111110000000
0101000101110000
1000000000000000
0111011001111010
0000011110111111
0000001001000001
0000000000000000
1001111001100010
1001000100101011
0011110101111000
1001110011101110
0001110000011111
1000000000000000
1111111110000000
1011110000100110
0111001000001101
0011110010010011
1101101010010100
1111100011010010
0000011001010110
0100000001100100
0000000000000000
0001010000111010
0101110110110111
1111011110100011
0110111110011011
1100000111011100
1110110010101010
1100011101100010
1011101101110010
0111111110000000
1011111011101100
1000000000000000
0011011100101100
1100010011010100
0000000100110011
1101101100111100
0000000000000000
1110001111000010
0100000000100001
1010010110110001
1111111110000000
1001110100011000
0100110110011010
0000000000000000
1011110000011111
0100100101010011
1111101100001010
0010000110110111
1111111110000000
0000000000000000
1011010000001001
0000000000000000
1010111111100001
1111111010011000
1101011011010001
0001111111101110
0000100010001011
0111111110000000
0100000111110101
0101111001100111
0101111011000000
1101010010001000
1010001100101001
1111101110001000
0011001110000011
0010011001011101
1111001111011100
1101111011001000
0000000000000000
0000100110101011
1100011100000011
0111111000001001
1100011010110111
1111111001010011
0000011010000010
0111111110000000
1000000000000000
0011111000100111
1111111110000000
1111111110000000
0001101010011110
1111111110000000
0101010001000110
1100000000101101
0011001011000000
0011111111011000
1101111100010011
1111100000011100
0001011110011001
1010100111001101
1011010100110010
0101101111111101
1010111101111010
1000000000000000
0001111010010011
0001001111001001
1000000000000000
0100111100111000
0111000111111010
1111010111011000
0001101111111100
0111101011111111
0001010100101111
1101011010011101
1111111110000000
1010010111110111
0110000101111001
1000101110001111
1111111110000000
1000000000000000
1100100001010001
0111111110000000
0111111110000000
0000111000010011
1100011000101111
0001111101001000
1111010001111000
1111001100010011
1011010001100110
0111111110000000
1111010000111101
0111111110000000
0011100000001010
0000000000000000
0111111110000000
1001110001010001
0111111110000000
1000000000000000
1111111110000000
1001001100010010
0001101111101010
1000110010101010
0001111110001000
0010111010111101
1100000010001011
1000000000000000
1110011111110010
1000000000000000
1100001010011101
0101011100010010
1000111011000010
1000000000000000
0100111000010000
0111111110000000
0100111010011010
1110001110011011
0000000000000000
0101010100111000
0111100011110011
1100111101101000
0101111000011010
0111111110000000
1001011101100111
1001010110110010
0010011010000010
1100000001000111
0110011110101110
1000000000000000
0101101111011000
0011100010010011
1100010011011010
0011001011110101
1000000000000000
1001001110011000
1011000111100011
1011011110000101
1110010100101000
0011100000110110
1100100100101011
0110011001000101
0111011011110100
0000000000000000
1000010111011010
0000110101101110
0010011111000100
0010010001000111
0111111110000000
0100101010100111
0011110110111010
1011010110011011
1000110011100000
0101010100101000
1011011010110000
1001110110010011
1100000010100010
1111111110000000
1110101010110111
0000000000000000
0100110100100111
1110101111110110
0100001100101010
0101111010011111
0010001011100101
0011111000010000
0100000110000111
0000000000000000
1010110111010101
1010000000101100
0110010110101000
0111111110000000
1000000000000000
0011100011101010
0000000000000000
1100000000011001
0111111110000000
0010101110010111
1100010100001110
0011001010111110
1000000000000000
0000000000000000
1111111110000000
1101100010011011
1001100001001001
0000110110111101
0001001001110110
0110100001001100
1100010000001011
1001011100001001
1010101111010111
1101100111110101
1001000111101000
0110101111100111
0001111000000100
1100000011111010
1111000111111000
1000101010010010
0011101100110011
1000000000000000
1111011011001000
1011011010110001
0000000000000000
0000010010010000
1111111110000000
1111000100010000
0100100001111110
1000000000000000
1011010100111000
0000000000000000
0000100111110001
0101100100101101
0111111110000000
0010100100100111
0101111001010011
0010111000110001
1110101010000010
1011110010011000
0010101100000101
1111111110000000
1101000000101011
1001110111101001
1001011101111011
0000100010101001
0000100100010110
0000000000000000
0111010110000101
0001111100100101
1010001010111010
0000000000000000
0000000000000000
1010100100110110
0000000000000000
0011011010010101
1111111110000000
0010111110011011
0110111100111000
0000000000000000
0111111110000000
0001110100101001
0000000000000000
1100101100011100
1110110100010100
1100110110111111
1100001110111101
0011000010101010
1111111110000000
1111111110000000
1111101000101001
1000000000000000
1001111000010011
1111111110000000
0100000011001001
0111111110000000
0011100000001010
0000101010101101
1111111110000000
0101110011001010
0000000000000000
0101011110101010
1100110111101111
0101101001101010
1100111111101011
0101110111110100
0110111001010100
1000000000000000
1000000000000000
0000000000000000
0110001111010011
0111111110000000
1000000000000000
0001111010001011
0111111110000000
0010010010101010
1111010010011101
1000000000000000
1100011100001110
1010011000001100
1001110001010010
1011111000100101
0110010010110111
0011000001101011
0011111001101011
0001011010011001
1011101110011111
0000000000000000
0111111110000000
1100000100100011
1010100100100100
1000111011110101
1111111110000000
1010111100001100
1111111110000000
1101100100100100
0111111110000000
0110111111111011
1111111110000000
0111101110101000
1010011110011111
0110111010000101
1111111110000000
0011101001001100
1101111110111011
1000000000000000
0000000000000000
0001100101101000
1000000000000000
0011000000100110
1101001110000101
0101001000100011
0011011011100101
1000000000000000
0111111110000000
1110011110101010
0111111110000000
0000000000000000
1010011111111101
1001000000001101
0000011100000101
1101110101100011
1010000011100101
0111111110000000
1011111001011111
0100111100000010
1110100100010000
1100101011100111
0101100011001001
0010001000001101
0010111110011110
1001110000001010
1111100111000000
0111111110000000
1100100101001101
0110010111100001
1101100111010000
1000010111010011
1111111110000000
1000001000100111
1111111110000000
1110100110010100
1000101010100011
0001011010000001
0011100101001101
0001100010010010
0101100111111111
0110111001001011
1000000000000000
0000100100001110
1011010001101011
1010101011000111
0111010110010010
0101011101010001
0100100101110101
1110110110100000
0111111110000000
0011100000111011
0101000011110110
0100100010101111
0001010100000111
0110011010001001
1110101010001010
0010010010101010
0000000000000000
1000100100000001
0101001011110010
0000000000000000
0111111110000000
0001001110010100
1011100000011110
1111001110110101
1011010110000100
0111010010101001
1010101111100011
1100101000100000
1000000000000000
0100010110110001
0111001100000011
0011011110110100
0100111100110011
1100011011101011
0010111011010001
1101011010001011
1111111110000000
0011000110100001
0011110100111010
0101010110100100
0110001010110100
1000000000000000
0010111010101010
1110100000111001
1111111110000000
1000001100100111
0100110111001111
1000000000000000
1011100100000100
1011101001101000
1111111110000000
1010101101111100
0011111111100000
0001010010010111
1111111110000000
1111111110000000
0101110100110100
0100101010111100
1110110000111111
1000000000000000
0001001100000001
0000000000000000
0101101011101100
1100101111010111
0111111110000000
0000100000101100
0011110101111011
0111100011111000
0111111110000000
0011110010000000
0000100111101110
1100100000011011
1010011010110101
1111111110000000
0100100100001100
0000000000000000
1111111110000000
1011000111010110
1011111111100000
1000100101100101
1010110111010010
0111111110000000
0110001001100010
0000010100100100
0100011000110001
0101101101010110
0111111110000000
1111111110000000
0111111110000000
1100000000111110
0111111110000000
1011001000101001
1011111101100101
1100111110011101
0100110110101000
1011100101011000
0010011110010001
1001101111111111
1011101101110111
0011000001100010
1111111110000000
0000011101001111
0110111001011110
1010111001100100
0000000000000000
1111111110000000
1000000000000000
0000100111101001
1000000000000000
1010100000011001
0100010100011100
0110111100011000
1000000000000000
1111111110000000
0010110110111101
0000000000000000
1100111101100110
1011111000101110
0010000101010110
1000000000000000
0101101000001101
1000000000000000
0000000000000000
0111110011111001
0000110000011101
1000000000000000
0111111110000000
1110100110000101
0010011101001111
1000000000000000
1111110001110101
0010010000111010
0011010011011000
0110000000011100
1111111110000000
1001101110010000
1110000110000001
1110100100101110
1111111110000000
1110011100000001
1000000000000000
0010100110100101
1110110110100010
0110101011011000
1110001100011110
1101100101001000
0101110110010011
0101100010010000
1111111110000000
0011101010101001
0011101011011010
1111011110101110
1101010001011000
0100010000001100
1110001100000101
1001011101100001
1001111111110101
0100011011100010
0101001101100101
0010011001000111
1100011100111011
0111111110000000
1100110101001010
0101010101011100
1001111100000010
0101110111001110
0111000001010111
0001010100001001
1111010110010101
1011010110100111
0100000011111100
1110111100110111
0100001010100001
0000100001010101
0000101100100110
1000000100100110
0010111010001100
0101000011010000
1111111110000000
1110001000010101
1000000110000010
0000011010101110
1011001111010110
1111101011101011
1101011001010010
0011110000000100
1011001110100110
0000000000000000
1110010010111001
0001000111010101
0001110010000001
0111111110000000
0101101111111111
1011001001001001
0100011100010001
0000000000000000
0100100100101111
0000000100000010
1110101010111000
0001011001000100
1010010111111101
0111111110000000
0101111100001010
1000000000000000
1110011001100011
0100100011011001
1010010011100101
0111111110000000
1000000000000000
0011010100110001
0111100001110011
1111111110000000
0000000000000000
1111111110000000
1001101100101011
0010111001111011
1000111010101000
1101001110111001
1111111110000000
0111110110001011
0101110110011001
1100001001101110
1101001100000001
0100111100010010
1000000000000000
0101100001001101
0101100011010000
0100100111110011
0011011011110100
0010101110001001
1111111110000000
0000000000000000
1001001111100110
1010101011110111
1101110000010100
0111000011001101
0010010101100101
1111111110000000
1000011110100111
0001111101000101
1001110111110011
1011111001100000
1111100000110100
0000000000000000
0100010100111111
0100100100100010
0010000111001101
1000000000000000
1111111110000000
0100100000000101
1011101011011110
1010011111110110
0111111110000000
1100100010001101
0010000011101011
0111111110000000
1000000000000000
1000000000000000
0110000011101000
0111101001100000
1101101101100101
1001111010001000
1011000000111000
0101001101111101
1111111110000000
0000000000000000
1011001000100001
1110001111100111
1110001010001110
0111111110000000
1111010100001010
0100011101110011
0100111111110001
0100100110110100
1000000000000000
0000000000000000
1011001000000011
0000000000000000
0110010110100111
0010110011011001
1000000000000000
1001110101010101
1100010010000111
0110001011100111
0111111110000000
1111111110000000
1001110000101011
1101011001100011
1000000000000000
0001000100011101
1000000000000000
0000000000000000
1000000000000000
0000000000000000
0011101111101110
1100101100110000
1000100100001010
0101010110111110
0000111111111010
1111111110000000
0111111110000000
0011011000010011
0010000001111010
1111111110000000
1111111010011001
0111111110000000
0111111110000000
1100110111000111
0111111110000000
1101001010101011
0000000000000000
0000000000000000
1100101100001001
1010111110000001
0000000011100010
0000111001101000
1111111110000000
1010010110001000
0001010000011100
0100000111010110
0111111110000000
0010010000011011
1101110111001001
1011010001000110
0110000000000000
1111100000000011
0011010111110000
1111111110000000
0000011011110111
0000000000000000
0010100011110011
0000000000000000
0111111110000000
0011011100100101
1000000000000000
0110101000101010
0010101101111000
1000000000000000
0100001000101100
0100001010010011
0010101110011101
0010111101110010
1101100011100111
1100111100001001
0011001111111111
0111110011111010
1111111110000000
1110001000100111
1010110110000000
0011001110101110
0101110011111000
1010010100110100
1100100000000111
1101011100000111
0100000000000100
1110101011001101
1010111111001111
1111111110000000
1111111110000000
0011111001010111
1111111110000000
0000100001011010
1111111110000000
1000000000000000
1110110001101010
0000000000000000
1100110011001011
0001101101111110
0010110110010110
1100001111011110
1100000110000111
0001100011110000
0101100011110101
0111110000010011
0101101110100001
0111101100000111
1001110101111011
1110010101101101
1110011001110001
1000111100101111
1001100000001010
0000000000000000
1011110001000111
0100101100001110
1000000000000000
1001000000100011
0101000110001111
1000001101010000
1000000000000000
0010110000010000
0101010010001010
1010100111001101
0110101010000011
1111000001111001
1000000000000000
0111111110000000
0011000000001110
1100110100110010
0000101010101001
0111111110000000
1011001001011001
0001011011110100
1010101110001000
1110100001100101
1101100011010111
1111111110000000
0000001011111010
1011101001001110
1111111110000000
0111111110000000
1011010000101010
0111000110001101
0100101110000101
1001001000101100
0000000000000000
1000000000000000
0110111110110110
0001000010111101
0111111110000000
0111100101110000
0001111000111100
1110101110001111
1011111101000011
0000000000000000
1101010110101110
0101110000001000
0101110111010101
1001111010010110
0011011001000011
1011010000011110
0110111110110111
1011110001110100
0011001000000111
1000000000000000
1101110100101001
1111111110000000
1000001110110011
1000000000000000
0000000000000000
1001001011110001
0100110010001111
0111111110000000
1010001000111001
1001110001110111
0101111110010000
0101101010001101
0101100000101001
1011111010100101
0100000101101100
0001110110011011
0111011111110011
1001100110011000
0000000000000000
0000000000000000
1100001110000100
0101111010100100
1110011010100011
0111111110000000
0101001111011101
0000000000000000
0111111110000000
0100111110001010
0100111010001110
0000110000101011
1111111110000000
0001111100110100
1000000000000000
0100111111100001
0011111001001000
0000000100000001
0111111110000000
0010001000010101
0011010101000111
1111111011001101
0111111110000000
0000000000000000
0111111110000000
1011011110101111
1000000000000000
1101000011111011
1000000000000000
1100111000010011
1111111110000000
1101011100011110
0110101111010011
0011111010011100
0010110110000100
0100011100101000
0100011010110000
1000000000000000
1001011000001010
1111111110000000
1000111010111010
1110111111001000
1110010111111000
0010100111001101
0111111110000000
0111001000110101
1101000100011111
0011000000101100
0101110100010110
0010101100101101
1011001010010000
1011111110101010
1000111001110111
0100010011010010
1100100101100110
0110101000101110
1101010111011111
0000000000000000
1110111100001000
1111100000100001
0111010010110110
0111000111001110
1111111110000000
1001011011101001
0111111110000000
0010100000001101
0111101101110010
0111111110000000
0000000000000000
0111111110000000
1111111110000000
0010010100110000
1000111000100000
1011010100001000
0100000010001101
0001110000001111
1111111110000000
0100001010110110
0101111101100100
1101010101011011
0110010111011000
1000001011001000
1011000011010110
0101100101001101
0100000001010010
0100101011111100
1001110001011001
0111111110000000
0011110010001111
0000000000000000
1101101110000111
1101001010000100
1000111110011101
0001110001000111
1111111110000000
0001101110100111
1000000000000000
0110110110100111
1111111110000000
0100000110111101
0001101100010000
0111011110101100
0010100110000001
0000011001010001
0100100111000111
0011100111010001
0100001110110111
1111111110000000
1000000000000000
1000000000000000
0001011101111001
0000000000000000
1000000000000000
0111111010111010
0010101011100101
1000100101110011
1110010010011011
0000000000000000
1000000000000000
1010101100110110
1111111110000000
0001000110011001
1011001101001100
1101110011110101
1110010111111011
1101100100010100
1000000000000000
1100000100110111
0000000000000000
1001010011111000
0101100110011100
1001100010110010
0001110010010100
1000000000000000
0011110000010011
1111111110000000
1011101000011010
0111111110000000
0011000100000101
1000000000000000
1110101101111110
0111111110000000
0101100111110000
0100110111101100
0000000000000000
1000000000000000
1110011010101111
0001101001100110
1011110100010010
1000000000000000
0100110110010100
0011100101010100
1010010111110010
1011110100010111
0000000000000000
0111111110000000
0110001000000111
1111111110000000
0110000001001011
0100011100100100
0000000000000000
1000010101001111
1001011101000100
0111000001111011
1000000000000000
0011111001010101
1100011011101100
1011100101001111
1000000000000000
0111111110000000
1000000000000000
1100010110010000
0000000000000000
0111111110000000
1011010100101111
0110000000000010
0101001001010001
1010101011110110
1101101110100010
1000000000000000
1010110001101101
1000000000000000
0111111110000000
0101100001101111
0111111110000000
1101100100101011
1010011010011000
1111111110000000
1111111110000000
1000000000000000
0000000000000000
1111111110000000
0011011011101110
1001100000011000
1001000000011111
1011000100010101
1000000000000000
1110011000001101
0000000000000000
0011000100100000
0000000000000000
0111101000100001
1111101010010110
1111111110000000
1111111110000000
1001110010000001
1100110010010100
1111111110000000
1000000000000000
0100110000100100
0000011101011100
0100010010011101
0000000000000000
1011110111101000
0001000110010110
1010010000001010
1111010010111010
0111111110000000
0110011110100000
0011011100100000
1001001100110000
0000000000000000
1010100110100010
1110000110011001
1100010011100001
0010010110100101
1110110110101010
1000011010101111
0001000001001010
0010000100011101
0001010110000110
0100100101111000
0101010110110111
0111000011101001
1111111110000000
0000110010101111
0101010000101111
1001111101010001
0001101111110001
1111101010001101
1111000110001000
0110011111011100
0101010011010011
1011111010101101
1111111110000000
0001000110011100
1101101100000101
1010101000010011
0110111000101101
0100110111011111
0110110011100100
0000001000010001
1111111101000001
1111111110000000
1000000000000000
1111101110010010
0000000000000000
1111111110000000
1001111000010000
1100001001101011
0111111110000000
0101001000000111
0101111101110101
1110011010101101
0000000000000000
1111010100110100
0010001110110101
0000111010111010
1010110110100010
0111010101001100
1110110101011110
1110011001111100
1011110110101000
0011100000011010
1110001000110010
1110010010110000
0111111110000000
0100111011100011
1000101010000110
1100100010111010
1010101010111011
0101001110010110
0111000111101001
0010110100001010
1111111110000000
0000011101110100
0000000000000000
1010010100000110
1001111110100110
0000000000000000
0111111110000000
0111111110000000
1110100111100001
1001001010110100
0000000000000000
0110000101110011
0111010111100011
1101111100000001
1111011110111000
0000111011101100
1111101101110010
0000000000000000
1011010111001010
0000101100100011
1101010000101010
1111111110000000
0010101000010111
0011101100111100
0100111001111100
1001010110001011
0110010001011001
0100111001001101
1111111110000000
1000000000000000
0110010110010010
1010110111111011
0111001011000000
1000110010010001
0111111110000000
0111111110000000
1000000000000000
0100111001000100
0010100110111100
0100110010011110
0100000100010100
0110000111010110
1000000000000000
1110110011100101
1111111110000000
1110000010101010
1000011010110010
0001100000110111
0001001000101111
0100000000000011
1010010011011011
1111111110000000
0101010010101110
1110010111001101
0010000001011110
1010100100011001
1000000000000000
1111110100100100
0000111000001001
1101111111110001
0111111110000000
1100010111100001
1011010000100011
0111110111001010
0011001000010111
1110001101101000
1111111110000000
1100000110001101
0100010100110010
1000110111001001
0100001000111101
1010000100010000
1001001000010010
0000000000000000
1011001001000101
0000000000000000
0100101110101001
0111111100011010
1100011110011001
0100010001010011
1111111110000000
0111111110000000
1101100000010100
0000011000011001
0100010110001011
1101110100100010
1000100010010001
0011100100111100
0001000111110011
0010101100010000
1000010001010001
1000110011001000
1010001000111100
1100001100101100
0100110100100100
1010100111100000
0000000000000000
1101110101000011
0011001001010010
0100011101101001
1101100110100111
0001010011110110
0010110111110111
1111111110000000
1100011110011010
1100011000000111
1001111100010100
1001111010111011
0111111110000000
1001001110000011
0000000000000000
1011101100101011
1010000011001111
1000100000000000
0000000000000000
0100101010010110
0011100011001001
1000000000000000
1101011111100110
0001110100001110
1100000100011001
0010010000011001
1011111100001011
1111111110000000
0011001001010110
1010101001011010
1010110010000101
1100001000100010
0011010110100010
0011100101011011
1000000000000000
1110001100011011
1011101011111001
1000001011011010
1000000000000000
0000000000000000
0011101100000011
1010010001011110
1111111110000000
1110110000011000
1010001000101101
0010000001110000
0000111100110010
0000111101010000
1111111110000000
1111111110000000
1001011110100000
1000001111001011
0101101111011010
0111111110000000
0100010010010010
1100001001100001
1111000101001110
0000000000000000
0010110101001100
1111111110000000
1100011110101010
1101000110110111
0111111110000000
1110011100011011
1100001010000010
0001110000010100
0000000000000000
1010010010101010
0000000000000000
0101001100000101
1010011010100011
1111111110000000
1000000000000000
1010111000100001
1010101111100011
0110111110100110
0111111110000000
1000000000000000
0111111110000000
1001111010011001
0100100110111001
0101111101100110
1100100110000001
0100101111110100
1000000000000000
1100001010010010
1001011101111001
1101011110000101
0010100010111110
1000000000000000
1000000100001101
0001011101101110
1111111110000000
1100101010111101
0011011001111000
1000011100111001
0000000000000000
0011001101101000
1011111100110001
0101000100001110
0010111100010010
1010010101010100
1000000000000000
1110000110110110
0101101000000010
1011111101011100
0010001100100100
1010100010101100
0000000000000000
1010101111011111
1111111110000000
0000000000000000
0111100111101010
1000000000000000
0000000000000000
0101010110011001
1101011100110101
0100111110101010
0011001001011011
1010011000100100
1001111000111101
0101000000101100
1100000101111110
0000101100000000
0000111110010110
1100100100101000
0111110101100100
0110000011011101
1100001000010010
0101000001101110
0011000010101101
0000000000000000
0100101100100101
1001111010100001
1010111011010011
1100101100110010
1000000000000000
0000000000000000
1101010110110111
0111111110000000
1011101110001010
1110010101011111
1010110001011010
0011110111100011
1100100010001001
1111111110000000
0001010110100011
0111111011000100
1010001001001110
1010110100101101
1000000000000000
0000000000000000
0100000000100001
1000000000000000
1100011000001111
1010110000101000
1010100100110000
1011101010000000
1000000000000000
1010000111010011
0000000000000000
0000111000101001
1010110110011110
0010100110010000
0010001111111101
1011101111001011
1011100001101011
1100100101010100
0001011111110001
0011010001011101
0000000000000000
0000101111111011
1101001010101101
1001001101101001
1011100010000011
0110110010010011
0111100111100001
1111111110000000
0111111110000000
1010001011011011
0110110110001100
1100000100011010
0011001010111010
0110001100011011
0000000000000000
1111111110000000
1100001110111011
1011110000001101
0111110110101011
1000100011100101
1101000001100001
1100110101110100
0101011000111111
0000100110000101
1010101010001001
1111011011001101
0111111110000000
0000111100110110
0000000000000000
1011010010111010
1100000011111101
1000000000000000
0110000101000010
0011000010101000
0000000000000000
1000000000000000
0010001110111110
0010011001010000
0010100010000100
1010011101011001
0000000000000000
1000000000000000
1001111111110001
1101111100000110
1110001011011000
0010111011110000
1000000000000000
0111111001110001
0111100100011100
0010000010011001
0111111110000000
1000000000000000
0000000000000000
0101000000011001
0000000000000000
1011111101000111
0011010011000111
1011011011001000
1010100101011010
1100110010101001
1011110001100111
1011111011101011
0110011000101010
1010111001010001
0111100000001011
1111111110000000
0111111110000000
1000000000000000
0101110100100110
0111000011110010
1111010110000010
0000000000000000
0111111110000000
0100000000110101
1100001100001110
0111011101110111
1000000000000000
0000000000000000
0001000000100100
1111111110000000
0011100010011110
0000000000000000
0000001110100011
0000101100010101
0100111110001000
1111111110000000
0101111100000010
0001100011001001
1111101010011100
0111111110000000
0100100000101100
0110000111010111
0111111110000000
1110001011011001
1010011101111101
1111111110000000
0011010101001000
1000111111100000
0000000000000000
1101010010110100
0101100100010010
0011001000110010
1110001001011000
1000101010100011
0111111110000000
0111111110000000
0000010011001001
1111111110000000
0100110000010110
0100101000011100
1011000010101111
1101001001100110
1010101100010110
1011110000010111
0101011110000111
1101011111101011
0011101011101000
0001111101010111
1101001000001000
1001110001011101
0101110110111010
0101101111011100
1110000110110000
0011101111011011
1011111110100101
0000000000000000
1011110000011100
0000000000000000
1111111110000000
1111111110000000
0010110111000110
0001100011001011
0100011001111011
0001001011110000
0000000000000000
1100101000010010
0000000000000000
1111111110000000
1000000000000000
1000001011011001
1000101110110000
0100011001011011
0001011101011111
1000001001000110
1010111111000101
0111111110000000
0000101100011111
0111111110000000
1010010011110001
1001101011100011
0010011000101100
0011000001011110
1100111100111001
0000110010001011
0011111001110011
1000000100011011
0110110111110001
0000000000000000
0001101110010010
1010100001110110
1000000000000000
1111111011101111
0011001101111101
0111111101111101
1111111110000000
0111001111010100
1000100110010111
0111111110000000
0011011111111001
0000000000000000
0100111100010010
1010011111010100
0011111110110101
1110010100100011
0100100000111000
1111111110000000
1000101000010111
1110000000001101
0101100000110001
0111111110000000
0000100001000110
0100101100100110
0011011000010011
0101011110001010
1100100110101011
1100001001110110
1110101001000010
1101111110000101
1111111110000000
0101110110010010
1010100110101001
1001101101101110
1101001101000010
0111010001000111
0011100001111101
0100111100010010
0000000000000000
0111111110000000
0100011100110010
1010101000001111
0110111011100010
1010001110001000
0101100010101111
1111111110000000
0111111110000000
1001001001111100
1011101001110100
1100000101100010
0000000000000000
0011101100101001
1111111110000000
0101101000001100
1011001110011011
0011111011011100
0000000000000000
1000000000000000
0001111000011010
0010001100000010
0110100100000011
1101101010000110
0100101010000111
0101110010100011
1010101001100000
1000000000000000
1111011100101100
1111111110000000
0000000000000000
0101011010001101
1101010110010011
0100110111100101
1000110101100111
0000111010111001
0100011001111001
1110011111111000
0001111101100010
0110010100011110
0001110101011001
1010101001011101
0101000010101111
1010101001101111
0101110000110010
1010110111011001
0111111110000000
1011101000111101
1000000000000000
0011001010000101
1110111101100001
1000000000000000
1010111100110100
1110101001100011
1010010010011110
1101100011101111
1000000010110000
0011011010101110
1000100111011010
0111110011011101
1111111110000000
0100101011110010
0101110100111000
0111111110000000
0000110100001011
0000000000000000
0111111110000000
0010010011000100
1001011100000011
0000100001011101
0000000000000000
0000111000011100
0101000000011100
0100011111000100
1000000000000000
0001100010110110
1111110000011110
0000000000000000
0001100111011000
0001001100001110
0000111001001111
0000000000000000
0000000000000000
0010110101010001
0100111000010110
1001100010101010
0110101010110001
0100111100111111
1000110100110010
1000001011111000
0111111110000000
0111111110000000
1010101000110000
0000000100100010
1000000000000000
0011011000100001
0010110010110110
1010101011110101
0111111110000000
0111000010000111
0001010101110101
0111111110000000
1100010100100001
0011011010011100
0110111000101011
0110011011001101
1011100011000100
0001010101111000
1000000000000000
0011100110101101
1111111110000000
1001011010110010
1111110110111101
0001110101011100
0000000000000000
0011010010001111
0010111101101000
0100000111011101
1100000110000111
1001111011011101
1110100100011011
1100010000111110
0000000000000000
0010010011101110
1011110010111001
0101101010001111
1000000000000000
1100011111001001
0100111111001110
1011000110000001
0110010111101101
0000000000000000
0011100000101100
0011111000101011
0100100001010100
1001110111111101
0100010010111101
1011001010001000
1111111110000000
0110011110000100
0000000000000000
1010111101110111
0000111101111110
1000000000000000
1100110000010001
0000010000011111
1100011000010100
0000111110100011
1011000101011110
1001000101100001
1100001110100010
0001100100111001
1000000000000000
1100100011110011
0001101000010001
0000010001111010
1000001001010010
1111111110000000
0000000000000000
0111111110000000
0100110111101010
1101111110100110
1100010110111001
0101100000011001
0000001100010010
1101011110101101
0000011110010111
1111011100111010
1111011011010001
1000101000001101
0000101110000001
1000000000000000
0000110000010110
0110111000011000
1100011000111110
0110111000100010
0001100011100011
0000100100000100
1000000000000000
1111000000100001
1101001001101000
1000000000000000
1011011001010101
1110010010001110
0011110011110010
1111100101100101
0000010100100010
0100000010010000
0110110110011110
1000111101000011
0101011011011100
1111111110000000
1010000000010100
0100110001000101
1011110100110001
0110001111110000
1011100110001010
1001010000010111
0111111110000000
1110000011111011
1000000000000000
0000000100010110
1101010011010100
0110011011100100
1111111110000000
0101111101010011
0110000100110111
0110000010101100
0001101000110100
0111100111001011
0010001110000110
0011010110010100
0011111100110100
0101100110001000
0010100100100100
0011101100111110
1011111001001101
0000000000000000
0110111010011110
1111111110000000
1111111110000000
1010111110000100
0010001010110100
0110101101110110
0011001011010001
0000110110000000
1110101111010000
1010001100111000
0111000110000010
1101000101001111
1011011010110101
0111111110000000
0111111110000000
0011011010111010
1110001001001001
1010111001000011
1111111110000000
0100010000001011
0010101011100000
0000010000100001
0010101111011011
0111011011011011
1111111110000000
0111000011100000
0101001110101011
0010001001110101
0011111110100101
0110011001011001
1111111000111101
0000000100000000
0111110111000010
0101011101101011
0001000101001101
1110000010111011
0011010000001011
1010111001110100
0000000000000000
1000011000110001
1101001001111100
1100100110011110
1011010010111000
0011110001010001
0110010000101001
0110111110101010
0000000000000000
1100110110110111
1100100001111001
0011000110110111
1000000000000000
1110000100110000
0011001100011000
0111111110000000
1111111110000000
0011010100001011
0111111110000000
0101100110011101
1011100111011000
0011000101111101
0100111110111001
1111111110000000
1100101011000100
1111111110000000
1111001011110111
1000000000000000
1111000000001100
1010011011001111
0100010011001000
0100110010011000
1111111110000000
1110110011010001
1101011110000101
1001011100011111
0110001100001010
0000000000000000
0000000000000000
0111111110000000
0000000000000000
1111111110000000
0111100011011101
0101010010100011
1111111110000000
1010100110110110
1110011000001010
0011000010010110
0110101010110101
0010110000011110
0100010101010010
1001111100111100
1110011111110110
0011101110000011
0111110010011100
1111111110000000
0110010101100011
1010101111100000
1010110010001010
0000111010110101
0101000001000010
0101011011110011
1111111110000000
1011010000111011
0011000100110111
0010001110001001
0111011110000110
0101010001001111
0000101000110100
1010110000111100
1111111110000000
0011100011111101
0101110010000000
1100001100111001
1000000000000000
1111011011000110
0000000000000000
0100000110010100
1001101100001111
1101001011101111
1111111110000000
0110011000110101
1111111110000000
1000000000000000
1001001001110110
0000000000000000
1111100010011111
1110011010110111
0110010010001000
0011100111000111
0100000111000111
0111110000110011
0000000000000000
0001100110111011
0111111110000000
1100111111110101
1001111001010111
1010011111110010
1111111110000000
0000000000000000
1001101011010111
0001001011100000
1111111110000000
1000100010100000
1110011001000101
1011101110111011
0100101011110010
1111101101001011
1000110011000111
1111000100000010
1001111010110110
0010001111111110
1111111110000000
0000110110101011
0011011111011001
0001100011111110
0111000001000000
0100000001010001
1101000111101011
1111111110000000
1110000100111001
1011010000111000
0000000000000000
1001100100001111
0011011111000011
0011001110110010
0001001111001010
0011100001110001
0000000000000000
0111101001110101
0111100101001011
1100000110111101
0111010000111010
1100010110010000
1101110001010011
1000000000000000
1111111110000000
0000100010101011
1000000000000000
1011010001001001
0101011000011000
1000000000000000
0111111110000000
0001010111000111
0100010110110101
1101111000010001
1111111110000000
1000000000000000
1011011110100101
0000000000000000
1001111100010110
0111101111001011
1110100110101110
0011101010011101
1000010010111100
0100001110111000
0111111110000000
1010111100110111
0000000000000000
1011011010000001
0001001110100111
0111000100100000
0111111110000000
1111001110100110
1010100010010000
0000000000000000
0110100100010101
1111010000101001
1111111110000000
1101010011111010
1010001100001110
1001100100111111
0111111110000000
0111011000010010
1001010101110011
1000100100011010
1000001011001010
1110111001101010
0000100110110101
0100000110010101
1010100111111110
0000000000000000
0000101010011110
0111111110000000
1111001111111111
1010111100110000
0011100001011110
1001110111101110
1111111001111010
0000001110111000
0000000000000000
0100111100010001
1111010011010101
0110010110100000
1111001000000011
1011000110100100
0110011100100100
1010010010001100
1110000001110000
1001010010101001
1001000111010010
1110100110111001
1100010000110101
1111111010101000
0001011001011110
0010110100010110
1010111000011111
0110100100110010
1111111110000000
1001011111001100
1000000000000000
1010110100010011
0011011010010100
0000000000000000
1000000000000000
0111111110000000
1000000000000000
1110100110100010
1111001010001010
1100010100100011
0001111100101111
1010111010000011
1100000110111000
0010100010001100
0001011100100011
0000000000000000
1010011100011111
0111010010111110
0110010101001100
1000010010000110
0000011110010111
0101101111100000
0000110010000110
0011101110011111
1011111111100111
0001100101110111
1000000000000000
1110000010000111
0100110011010011
1111111110000000
1000000000000000
1001011011001110
0101111001100000
0010110011011111
1000000000000000
1010010000001000
0100000001000110
1011000010110011
1000000000000000
1111010101100011
0100100100100101
1100001001010010
0000000000000000
0011110000001010
1111111110000000
0000000000000000
0000001110011101
1101101101010101
1000000000000000
1010111110101010
0111111110000000
0100011101001010
0000000000000000
1000000000000000
0110101101100110
1111111110000000
1011111010001010
0100101010001010
0000000000000000
1000000000000000
0000011100110110
1001011110110000
1011000000011110
0001101011000010
0001011000101010
0100010000100111
0000010100100111
1011101111111011
1010001111101000
1011000001101100
0001001011110010
1000000000000000
0000011111001011
0001000110101111
0010110011001001
1101000011111100
0011001110101110
1010010110111111
1011111101111100
1000000000000000
1111111010111000
1010100110000110
0111101010010100
1110111100000011
0100101110100000
1011100000011000
1010100110011110
0111111110000000
1010100110111000
1010100111111001
0000000000000000
1000111100010111
1100111111010001
1000101101000010
0000000101001101
1111100111110010
1001000100000010
1000000000000000
1110000010000001
0000000101001001
1100100010111111
0000110010011111
0011101001110011
1010000001111011
1000000000000000
0010010111100111
1111111110000000
0111111110000000
0010110010100010
0110001010000001
0001011001111000
0100011000010100
1000000000000000
0100110100001001
1010001000001011
0000100110000010
0001111010100110
1011100000011100
1011010000010101
0000101101000111
1011000010001000
1101011100101101
0111000000111001
1110011110001101
0000000000000000
0000000000000000
1111111110000000
1100010011011000
1111111001011100
0111111110000000
0111111110000000
1000000000000000
0010000001001011
0100001111111100
1000000000000000
0010111101000111
0011100010111010
1111110011110111
0000000000000000
1000110100101101
0110110001110011
1000000000000000
0000000000000000
0001011001011000
0110001011010111
1101010111010010
1111111110000000
0111110110011100
1110010000001011
1111111110000000
1001001010001000
1111000011110100
1001010010101001
1100110111000001
1000000000000000
1001110100101011
0001000111000110
1100000100111001
1000000000000000
0111111110000000
1100100100001011
1011110011000011
0010110011100101
1010101111010010
0111110000001000
0000000000000000
0000000000000000
0000000000000000
0100001010111001
0010011010001100
1000000000000000
1101101111001010
1001010011110101
1111111110000000
0000000000000000
1111111110000000
1111000001111100
0000000000000000
1000000000000000
0101111110000011
1011111100111100
0100010000001111
1010011011001100
0101000000001000
0000000000000000
1110111000101001
0010000011101000
0110111111001101
1101011110001010
1000111100100100
0000000000000000
0000000000000000
1011010011010100
0010110000101110
1000000000000000
1100111000001101
0000000000000000
0110111010110100
0000000000000000
0100110110001000
1000000000000000
0000000000000000
0000000000000000
1001000010000110
1001010010101111
1001101000101001
1101101000000101
0111111110000000
0011110110100011
1000000000000000
1001110100010110
0110110000011101
1110100011101101
1100011110001110
1100011001101111
1101100010000010
0000000000000000
1111000000110111
0101011100011000
1100101001010100
1010010000110111
0010101100111001
0011010100111111
0010110100010111
1000000000000000
0100001101101100
1000101000001000
0010111001011110
0111111110000000
1011000001011010
0111111110000000
1010000010001110
0111111110000000
1111111110000000
0110010100111001
0011111000010111
1101110011011100
1111111110000000
1001101001001111
0111001100010100
0100101100011101
0111111110000000
1100000111011111
0011111001000010
0101100000001111
0111011001010010
0010100100001110
1111111110000000
1000001011101111
0001111010011000
0010010000110011
0111111110000000
1011011110110001
0001111001010100
1011001010100011
1000000000000000
1110011011000000
0111111110000000
1100001101011011
0000000000000000
1011010000010001
1101101010010000
1000000000000000
1001010010010000
1111111110000000
1000000000000000
1011001100011000
0100010011100111
1100000110101011
1001001101011010
1010010111001110
1010011110001001
0110010110000100
1111111110000000
1110111100101111
0000000000000000
0111110100001001
0010100110101101
0011101010011010
0111111110000000
0000110000010001
0000111100111000
0011001100111101
0001001111000011
1011001010101110
0000011001000001
1111001000011111
1101101101111110
0000000000000000
0000000000000000
0111111110000000
0010111100110001
1001101110111110
1100101100110111
1100011010001011
1001010010101010
1010011000111100
0111110110101001
0111101101111111
0011011001010101
0100100011111101
1101101100010011
0111111110000000
1011000101111001
0110001010110001
1101101111001101
0001101000000010
1101000010000000
1111000011100001
0000000000000000
1100110110000101
0111111110000000
1001101000110110
0011111000010011
1000000000000000
1001101010010110
1100000101100000
1110100000000100
1000000000000000
0101000001111101
0110111111001101
1011000110111000
1111111110000000
0100100010111110
0110001000001000
0111100111110100
0100101110010000
1111011000001000
0111111110000000
0111010100101011
1011001101111110
0100100010011000
1100110111010011
0000000000000000
1110001011100011
0010011101111000
1111111110000000
0000000000000000
0111111110000000
1011011100110010
1010011010000100
0110000010101101
1010100110101110
1011010001001111
1010000010000010
1000100111111011
0000000000000000
0110001110101000
0111111110000000
1100111100010001
0111010110011010
1001010010000100
0001110000100000
0010111101011010
0110110101111100
1011010000010101
1000000000000000
0101001101001110
1111011110111010
0111111110000000
1011100010110100
0000001000001010
0100100110100010
1100101000110011
0010000101010110
1010010100101111
1100011011111001
0100110110010111
0010001100010000
1011000111001001
1010111001000101
0111000100000100
0000100001100111
1010001100011110
1111000000001111
0101111110011110
1110110101011101
1100100110101110
1001000010100010
1000001001010010
1000111111001010
0001101011001101
0111111110000000
0001101110100101
1111111110000000
1111001100011000
0100111000111100
1111110110110010
1111101100100000
0110000111101001
0011000010111000
0011101110100011
0010110101111000
1101011010100011
1111000011011110
1111111110000000
0101000011110110
1000000000000000
1101110000100101
1101110111011110
1000000000000000
0000000000000000
1000000000000000
0000000000000000
1100000010111001
1001011100100011
0101011100011001
1110110011010010
1110110110000110
0010001000110000
1010101101111101
0001011010000100
1111000010011000
1010101111010000
1000000000000000
1111101111000011
0101001010110011
0000110110000111
1100111011000011
1010100111001110
1110101101001110
1110110001001110
0111010111101010
1011110010100010
0100011010010100
1111111110000000
0110111110100000
1111111110000000
0111111110000000
1000000000000000
1000000000000000
0000000111000110
1101001001011000
0111010100101011
1000001001100111
0000000000000000
1010001011100010
0101111010100001
1111111110000000
1010110100010111
1000000000000000
1011111110100100
1000000000000000
1000110100110010
0100001111111001
0010010100101000
0000000000000000
1000000000000000
1001011000110111
1000000000000000
1010101101001111
1101010101011110
1100001001101100
1000000000000000
0010101000101101
1110100010001111
1111111110000000
1011011110101111
1000000000000000
0110111110000101
0111010110101101
1001010101001010
1110110011101110
0111111110000000
1010100010000001
1000111101000100
1000010000000000
0010110111011100
0111111110000000
0000000000000000
0000000000000000
1111111110000000
1111110000100001
1100101100011110
0111111110000000
0100001000111000
1110111001111110
1010111100100101
1000000000000000
0001000111011010
0000000000000000
1010011001110100
0110000100110010
0101011010011001
0111001100011011
1011100000100100
1000110010000010
0110011101000110
0000000000000000
0001100110111100
0011011100101110
0111111110000000
1111111110000000
0100101101001100
0101101001001101
0101110001001110
1000000000000000
0000011111101110
1000000000000000
0110001000111101
1100100100001111
1110100110110111
1111111110000000
1010011000111110
1000000000000000
0001000000001100
0111111110000000
1110011000000010
1110100010000000
1110011010101101
0000000000000000
0101001101010101
0110010010001001
0111111110000000
0000000000000000
0111111110000000
0111001110111011
0000000000000000
1001011000000100
0101111111100010
0100100110000100
0101110001101011
1111111110000000
1100011101100101
1010111000001011
1000011110001100
1000001010001001
0101010100011101
1101011110001011
0000000000000000
1011001100111011
0101000011100001
0111111110000000
0101011010000100
1000110111011011
0000000000000000
0110100100111100
0000000000000000
1111111110000000
1011011000101001
1110010100000101
1010111100010000
1100001110111101
0110111001011000
0000000100010100
1111111110000000
1111101100010110
1000000000000000
0111111110000000
1000100111100111
0111000111001100
1011111110001101
0011010011101011
1000000000000000
1001110010101100
1010110100011101
1001110000110100
0100010001111111
1001001101000100
0110000111001011
1011111110100010
0010110110001110
1111111110000000
0110011001001000
0011011010110001
0100101011001000
1001111001001110
1000011000001110
0010110110100001
0100101111100110
1111111110000000
0010111100010011
0111111110000000
0100101010100110
0111111110000000
1000000000000000
0010010111000101
0111111110000000
1111110101010000
1000000000000000
0000010101100101
0000000000000000
1100001011101100
0000000000000000
1011000001001100
1001010110011110
0110101110010100
1010111000000011
0011010010001011
0101110010110001
1111111110000000
0100010101011000
1101010110111101
1111111110000000
1011101001011011
1100011110111000
1111101101011101
1000000000000000
1000101010000100
0000000010011010
1010111100010011
0000100110101001
1011000011000011
1000111011110011
1100000111100011
0110100000001000
1001101000100110
0101110001101010
0000000000000000
1110001100010010
1110010010011100
0111111110000000
1010010111010110
1111111110000000
1010101000110100
1111111110000000
0000100100101111
1111111110000000
1111010110110101
1010100110101011
0101100100010000
0100111001001000
1100110110101111
1001000000100010
0000000000000000
1000001010010011
1001001101100100
1100000010011010
0110100011100100
0111111110000000
0100100010110001
0111111110000000
0000000000000000
0100101010001011
1110101011000001
0111111110000000
0111111110000000
1000000000000000
1101000010101110
0001110010001000
0101011000011101
1111111110000000
1010010111100010
0000000000000000
1000000000000000
0100111010010001
0000000000000000
1111111110000000
1110100110010110
0000001110110000
1111111110000000
1100011010001000
1011101111110000
1010000110101010
1111110000110100
0101010000100100
1101111001010011
0100110000001001
0111111110000000
0000000000000000
1000111110000001
0011111110100101
0001111100001111
1000000000000000
1111111110000000
1100111100000001
0101111001001000
0100001010001010
0010111110000110
1011010010111011
1100110000000111
1111000100010111
0011011100100101
1111111110000000
1100110010101101
1100010001110001
1000000000000000
1100000100001110
1001101101101001
0010011110001110
0001110001100011
1011111000000111
1110101000101101
1011100111011111
1111111110000000
1111111110000000
1101111110111011
1101000001000001
1010101000001110
1110100011000111
0111110000101101
0000000000000000
1111111110000000
1011101011100111
0101001011000000
1111111110000000
1000000000000000
0001111100110111
0010011100010111
1111111110000000
1111111101001100
1000000000000000
1111111110000000
1111111110000000
0001000100111000
1000000000000000
1101100101010011
1000000000000000
0000000000000000
0100111000000010
1111111110000000
1110111100111111
1100111110010100
0110000110100001
1001011100111110
1000000000000000
1110011010100100
1111111110000000
1000000000000000
1100100001100010
1101100000111110
1001001010000010
0000011000000100
0010101011100101
0011010010111101
0100111010010000
0011111111110100
0100111110110000
1000000111001110
1011001110010001
1001001001101110
1100110100101100
1110000001000011
1111111110000000
0000000000000000
0101011111001001
1000000000000000
0101100110000100
1110100111101001
0100111000110110
1100011000000110
1100110000101110
0100110011011101
1111111110000000
0100100111010100
0111111110000000
0100101110001011
0111001101110011
1111111110000000
0011110111001000
0011111110000010
1001110110011011
1110101100101001
0010101111001110
0101011010000111
0111111110000000
0100110101001111
1110010001011011
0101100110011010
0000101000111001
1001001000110111
0000110000100001
1000000000000000
1110111110000111
0111110010000101
1011111100000110
1100101110000000
0111111110000000
0111111110000000
1100000100001100
1101100011100110
0100000110010000
1101011011011100
0010001101110101
1111111110000000
0010001001111111
1001011010001000
1000010001110100
1000001000010111
1001111000000001
0110010110100110
0000110011001101
1010110010110001
0110001101001100
1001010111100110
1010110001110101
1000000000000000
0001000010101100
0101000001010001
1000000000000000
1000000000000000
0111000111110011
1110001110101100
0001000010001000
1011000000111111
0100101110101111
0100000111101011
1110001001100110
1111001000111011
0100000000000010
1100011100100101
1011101111110001
0011010000000010
0000101101011111
0101001101010100
0111111110000000
0101110101101000
1000010101010101
0111111110000000
1111111110000000
1111010101110110
0110001110111001
1101001010101101
1111111110000000
0010010110100111
1100001011001110
0100001000010111
0100011001111101
1100011101100010
1000000000000000
1111111110000000
0001010011001111
1001000000110001
0110100100010000
0000000000000000
1000110101000110
1000000000000000
1110001110010011
0111111110000000
0100010101100000
0111111110000000
1000110011100111
0100000100100001
0000000000000000
0000000000000000
1010100000000010
0010101001010110
1110100100101111
0000000000000000
0000000000000000
1000000000000000
1111111110000000
0010010100011001
1110100011100010
0000000000000000
0100000101110111
1101101100101001
0111111110000000
0000110111011111
1001100000010001
1111111110000000
1111010000111010
0101110000100101
1011111110001100
1111001101001101
1011111100000100
1011110011001010
0011001101110101
0011110000010101
1001001001010000
0011110111001100
1111101010100010
0100110010000001
1110111010110101
0000000000000000
1011100100110000
1000000000000000
0110011010111101
0000000000000000
1011100110000111
0111111110000000
0111111110000000
0000000000000000
1001011100010110
1101101011100100
0110000010010111
0111111110000000
1100001010000110
1011000001011010
0100001110000000
1100111001011110
1100010110101110
1000000000000000
0000000000000000
0010100010100011
1100011100110010
1100011011010100
1000000000000000
1111111110000000
0111111110000000
1010010100010010
0000011001000101
1101111011111011
0011011001010010
1000000000000000
0011101011111001
1111111110000000
0101010000001111
1100001110110001
1111111110000000
1000011110010001
1111111110000000
1111111110000000
1010111010000101
0001011101111110
0111111110000000
0001010011000010
0101011101101001
1111101110000001
0010111110000111
0101011001000100
1000000000000000
1000111101010001
0011001010000110
1000000000000000
1011111001101111
1101100111101100
0111111110000000
1110101111000001
0001000000101001
0100000100011010
0111111110000000
1111001010111101
0111111110000000
1011111111101101
0110011010011001
1110001110000101
1100101011001010
1010001111101000
1110111010011100
1000000000000000
0000000000000000
1011111010111110
1010010000010001
0111111110000000
1011001010011100
1011110001011010
1001010101001010
1001110001001100
0111111110000000
1010110101011010
0010001110101110
1100111111011110
0101011000111100
0011011000100110
0000100001100000
0101001000010100
0000000000000000
1000101110010000
1011001011110111
0000000100110001
1000000000000000
1100101000100000
0110110000101001
0010001110001010
1110000100111001
0000101110000100
1111001111011100
1011110111111110
1011011100000010
1110100011100011
1010000000101111
0011000100000100
1011111111101111
0000000000000000
1100110110111100
0110100010000010
0011101100101010
1010110110011001
0000000000000000
1010110110100100
1110011000000001
1110101110000011
0111111110000000
0110001100011110
1000000000000000
0011100110011110
1111111110000000
1000000000000000
0110000011000010
0000101100001011
1011011001000000
0001001001101110
0000101010011011
1001111100111110
1011000110101101
0111111110000000
0111111110000000
1101010111010000
1101100000011001
0000000000000000
0111111110000000
1101000010101100
0010110010011011
1000000000000000
0000000000000000
0000000000000000
0101101110011110
1100010010100110
0110110110001101
0100111001000011
1000000000000000
0111111110000000
1100001100111110
1101000100001001
0001010110000110
1101001010111011
1010111101001111
1010111110111110
1110010011000001
1010100100010001
1011100001110101
1100001110110100
0100001110011000
1011000001000101
1111111110000000
1110101011011000
1101011100101101
1011010110101000
1100001000001111
1010010101001000
1110101011110101
1000000000000000
0000000000000000
1111111110000000
1010001000101111
1111111110000000
0000000000000000
1111111110000000
0110100111001011
0111111110000000
0011000111010101
1111111110000000
1000000000000000
0100000100100010
0011111111010111
0000000000000000
0001100010011011
1010010010101001
0100100100100010
0000100000001001
1010111010010100
1101111111010110
1111111110000000
0001111101011000
0001101101100111
1001010010100110
0110011010100001
1101110010100001
0000101111010000
1010011110101010
0111110111101010
1101001000001110
1011010110101000
1000000000000000
0111110000010000
0000000000000000
0110100101110100
0001100101111110
0001010111011011
1110000100111010
1111111110000000
0000111100001101
1100110010010111
0111111110000000
1010110010100110
1110111001010101
1100100010011110
1000000000000000
0110000010001000
1110110100010010
0101101110001010
0010011110101001
0111111110000000
0011111101000101
0111111110000000
1011101010001111
0011001100001100
1011110100100011
0100011000000100
1111111110000000
1000001000000001
1110100110010000
0000100110001000
1100110010100111
0011111100101000
0010011100100110
1111111110000000
1001111001010010
0101110111110100
1111111110000000
0111111110000000
0010111010000000
1001000010010000
1100110111011011
1111111110000000
0111111110000000
1101110101011001
1011010000001110
1000000000000000
1000011111000010
1000000000000000
0011011101001011
0110011101100010
0000000000000000
0100000110001101
1011011010010110
0100000101110101
1111111110000000
1101101100111101
0111111110000000
1110011111001100
0111101010100101
1101111010100010
1010001101101010
1001110110101010
0100000110100001
1010101001111110
0111111110000000
1110110011111110
0010101011010101
0000000000000000
1110001010110110
1000101011010000
0010001110111110
1110111100001100
0001000110110100
0011101101000110
1011010100000011
1000111110100010
0110010100100000
0000111011101111
0001000110110010
0001010110100111
1100100100011000
0101111101010010
0000000101001011
1011000001100101
0010111100000110
1000000000000000
0001001100111100
0000000000000000
1001000100101000
1001100100010011
1111111110000000
1100111010101100
0000000000000000
0000000000000000
0111111110000000
0000000000000000
0001101110101111
0011010100001100
0111001100000101
1111111110000000
1001000100100001
0000000000000000
1111000111011000
0100001100110100
1001000010101101
0111001010010111
1011111100101010
0101101010110111
0010101100010100
1110100100001100
0111111110000000
0111111010100000
0111111110000000
1110001001011011
0111110110001110
0001101101010011
1000000000000000
0000000000000000
0001011111010011
1100000111110100
1001100100100011
0111000011000000
1010011110000110
0000010100111110
1000000000000000
0000100010010000
0100100111010000
0000110110000110
1000110001111111
0011011101011011
1010011001010110
1100001001100001
0110001011100000
1111111110000000
0100111001001010
1000000000000000
1000000000000000
1010111000001110
0010001110010010
1010011101010010
1100011010111101
1001001000011101
0011110011000000
0111010000111100
0110100011011010
1011101101000001
1011111001110000
0001001010100101
0100000000010001
1100110100101000
1000010011011011
1110001100010011
1101010001001110
0001011111001011
0101010110001111
1111111110000000
0111111110000000
1110000001010100
0001111010001110
0100110000110101
1101111111001001
1011101010110100
1100110101100010
1100111111100100
1000000000000000
1111111110000000
1111111001011000
1101100011001101
1011101010100011
1011001011001110
0101010010100010
1000110011010011
0101000101101110
1000000000000000
0010000000100011
1110100111111100
0110010000011011
1000000000000000
0010010010111001
0001010000001111
1100101110111001
0110000101000100
1111111110000000
1110101101011110
0011111011001000
1110100100100011
1111111110000000
1110011010110000
0100101111100001
0000000000000000
0111111110000000
1011001100010000
0111000100000101
0000100100100000
1010100110101101
0110000111000110
1000001000011101
1111111110000000
0011110101101110
1001011000100101
1011010010000111
1000111001010000
1111010100111001
0100010011000001
1101111000010010
1000000000000000
0011001110000110
0111101000100111
0101100110110111
0010100111001111
1010100011001011
1000011100110101
0011011011010000
1100100100111110
1100001001010010
1100011000101110
0111111110000000
0010011100000111
1100001001010101
1111111110000000
0000100011010000
1111111110000000
0011000001011001
0101001101001000
0011111010111110
0111001111010101
0011111101101110
0001101010000110
1000000000000000
0001111110100101
0010101110000001
1010000111011000
1110000000000111
0011001110100011
1111111110000000
1111101001001100
1111101101101000
0100010110010001
1000000000000000
0000110101100101
1011100010000110
1100111001010000
1101111011100100
1101100001110011
1111111110000000
0100001001000000
0000000000000000
1001011001010011
1010001010010011
0000000000000000
1111011000111101
1011100101001000
1011011010000010
1100111110100011
0111111110000000
1110001100000001
0000000000000000
0101111100110111
0011101000110011
1110011101110000
0110000100101010
1000000000000000
1001001101000100
0101100001010110
0011011111010010
1111111110000000
0111111110000000
1111111110000000
0000000000000000
0101111010011001
1011010110110011
1100011010001001
1011010000011100
1001001001101010
0100110100010100
0011010111010100
1010110101100010
0110100100111111
0011101010101100
1001111011010011
1001010110100101
0010101101010101
1100001111100010
0001011100000101
0000000000000000
0001101100111001
0000001110111010
1110000000100111
1100111100000101
0110000100110110
1111000001000110
0100111000111011
1110101111011001
1010110011000000
0100011111111010
1111111110000000
1000000000000000
0111111110000000
0111010111111111
1111010010010001
0010111001111000
1111101111001110
0100100001000010
0100101110010110
0000000000000000
1011101000100011
1001101110000011
1111011000100011
1000111101100111
1111111110000000
1111011001111101
1000000000000000
0101111001101110
1011010001011100
0010100110001101
1110101100000010
0000000000000000
1111011011110011
0010011001111110
1110111000100010
0101110011010101
1010111001010000
0010000000100000
1101110010001010
0000001000111010
1000000000000000
1111111110000000
0111111110000000
0111001011000000
0010110010110101
1100010111011001
1111000010011001
0010101011110000
0001100010011101
0010010110000011
0001010010010110
0000100000000101
0000000000000000
0111111110000000
1100110010001111
1100110101010011
0001001111000000
1100011010100010
1101100100111010
1101000101000111
0011111001110001
1011010110000111
0011011011010100
1110000010110111
0111110011100110
0000000000000000
0010011100010011
1000011101001111
1110011101000100
1010011111111001
0000000000000000
1000000000000000
1110111100001000
1100000111010010
0010011010111001
0001010100001111
1011111001111101
1110010110101001
1111100111010001
1000101000101101
1011011111010101
1101111110111111
0101110100011100
0000000000000000
0100011101000101
1000000000000000
0010100100110100
0100101001100000
0100010000100000
0000000000000000
1011111000111101
0000010111001010
1110011011011010
1111111110000000
0100110100101110
0011011010010001
1001111000001100
1101100110001101
0010001011101000
1101001111100000
1100101010011011
0111111110000000
1111110101111110
0010001001100101
0111111110000000
0111001001110001
1000000000000000
0110100010100011
1110000010001011
0000000000000000
1001111101010111
1100011100100111
0010100110010110
0111011100010011
0000000000000000
0101100111111111
1110001010000100
1111111110000000
1000000000000000
0100101110000110
0111010010000001
1010101011111001
0010010011101101
1111111110000000
0000000000000000
1011101110000111
1001000011011010
0100100110111010
0011110110101010
0000011101100110
1000000000000000
1001111001000011
1101100011100000
1111111110000000
0110100010001000
1100110100010110
0011110000000111
1101101101001110
0001101000010010
0001111111000010
1010110010010000
0100110101100000
1000000000000000
0111111110000000
0001010110101111
1010101000101000
0100111001000111
1100010111100111
1100111011000101
1011011110101111
1100101100100111
1011001001011010
1111111110000000
0000110001010001
0001110001000011
1111001100000001
0010001110001011
1010100001010010
1011100001010100
1000101111010000
0000000000000000
0101010010110110
1111101100100110
1000000000000000
1001101111100010
0000011111011111
0111111110000000
1101111111110100
1101011111110111
1100100010100110
0100101010100010
0110011000100111
1011110101011001
1111111110000000
0000111111011010
0100001011010000
1000000000000000
1101101110011001
0111111110000000
0101100000110001
1000001100111110
1101000000100101
1010000101100100
1110010011011100
1001100110100111
1100101101110110
1111000001011111
1100011111110101
1101100001100110
1000000110000101
1100000110001111
0111111110000000
0010010100100100
1011111010000111
0011111111001010
1111111110000000
1111001100101011
1100011001100110
1100100100111110
0100010000101001
0111111100010010
1111111110000000
1111111110000000
0111111110000000
0111100111001100
0101001011110101
1000000000000000
1000000000000000
1100101100010000
1101011101101110
1011001111011011
0000000000000000
1111111110000000
1100001100001011
1000000000000000
1001101000010010
1000010011010101
0110001001100100
1111111110000000
1100010110001001
0000000000000000
0000000000000000
1011001001000000
0000000000000000
1010001110100100
1001101011001100
0011110100110111
1000000000000000
0010011110000000
0010000110000101
1111111110000000
0000000000000000
0111111110000000
1101000011011101
0110010101110001
1000000000000000
1100010001001100
0000111000001101
0101111010000100
0101000001111110
1100001010111001
1011100000011000
0000000000000000
0000000000000000
0000101010011010
1111011101010011
1011011011111011
0100111101101110
1111111110000000
1111111110000000
1110111110011010
0000000000000000
0100011001010011
0111000110010011
1010011000011010
1111001110101100
0010000101000110
1000110110111001
1101000010000101
1010101011101001
0101001001101100
0010110000100000
0001010000111010
0001111010000100
1100111101001110
1010110100100101
1101011011100110
1101011001010000
0111111110000000
1001100011010001
0110011100000001
1100001000110001
1101101100101111
0101111010110010
0001101001110110
0010000111010101
1000000000000000
0110000011000000
0001100011000011
0000000000000000
1000000000000000
0110001010010110
1000000000000000
1011001101111000
0111111110000000
1110111100001101
0011000010001000
0111111110000000
0101001100111100
0111111110000000
1001011000000000
0000111111010001
1001111001001111
1100111111111111
0000000000000000
1001001001110101
0001000000000101
0010011001110101
1111111010001010
1111111110000000
0000010010110011
0100011100010000
1000000000000000
1101101111111001
0010011100111111
0111110101001110
1011010010011101
0100001001010100
1100110100011111
1111110000010101
1010111100110000
1101111011000111
0010110111110110
0011100001100000
1111111110000000
0100110101010100
0000000000000000
0001111100111111
1100100110010111
1100000010011110
1000000000000000
1001110000101011
1010011110011100
1111000100101101
1011010001100111
1111101111001001
1100010100101010
1000011010100001
1101101101010111
0101010110000010
1111111110000000
0101010010100011
0010011000101111
1100111000110111
0010100100010100
1011101101110011
1111111010101001
0000000000000000
0011011000111111
0001010011100010
1100110010000110
1001000111111110
1111111110000000
0011010000000011
1100000100000110
0010100011011011
0111011110001011
0000111011100100
0101110110101100
1000000000000000
1000000000000000
0010001101000101
0010111011110011
0011001111101011
0000010000110110
1011011101000001
1000000000000000
0011011000010011
0000000000000000
0110110111010001
0001101110111010
0001111011011111
1000000000000000
1010111001100100
0000000000000000
0000000000000000
0111110110111010
1101111100001001
0001100101000110
1010110010101111
1000000000000000
0101001110001100
0000000000000000
1111000111010111
0111111110000000
0110011110001010
1000110010011111
0010101111000000
0010100100101010
1111111110000000
0110010010001111
0000000000000000
1000000000000000
1110110001111100
1000110110010001
0111111110000000
1111111110000000
0100010000111001
0011101001010111
1110101100001000
0010000111010100
0000000000000000
0011001110110001
1001101010000101
1110101011001100
1101000010111010
1111111110000000
1001000000111110
1111111110000000
1000000000000000
1000000000000000
1000000000000000
1111111110000000
0100001110011111
0100001011111110
1000000000000000
0110010010011111
0000000000000000
1000000000000000
0111000101111100
0011101010111001
1101010000111001
1011101000110111
0100001001111110
0101111010110010
0100111111000110
1000000000000000
0101111100000010
1001011001100110
1100111011001100
1101011111001010
0011111010010011
1000000000000000
0100101001011001
1010010010001101
1010011110001001
1110100001001110
1110111010101100
0010000000111000
1111111110000000
1101111111100010
0011111101101011
1000100100000100
0111111110000000
1010111101001111
1111111110000000
0010101110111101
1100000110010111
0100011100001010
0011011111110100
1011001010000001
1001111100010001
1000000000000000
1000000000000000
0010110000000011
0100011100000110
0111111110000000
0011101010010001
0000101011000100
0000000000000000
1010011001011110
0101011110100110
0101010110000100
0111111110000000
1001100000011110
1000000000000000
1011101001100011
0111110100111101
1101010010010010
1011111010111010
0100011111011011
0000000000000000
0000011110010101
1011010110111110
0000100000001011
1111111110000000
1001000001010110
1101101000001000
1000000000000000
1110010011100000
1011111101001111
1100010110111000
1000100100010000
0000000000000000
1011110100111010
0101010100000011
0111111110000000
0000000000000000
0001011110001110
1000000000000000
0100010000000001
1110011110001010
0111011011101110
1111111110000000
1100101110100011
1110100101001100
0100011010001010
0000001010000110
1010110101100001
0000000000000000
1000000000000000
0010110011011000
1110000010011101
1111101010000001
1011110100001010
0111010011011110
0000000000000000
1101111001011111
0111100001000110
0010001001110010
1101111001000100
0011000111111001
0001100011001111
0111111110000000
1100010110101011
0101011100110100
0101011100001000
0010000010010010
1111101011101111
1111100100001100
1001101111000000
1110000100001110
0111110100110110
1011111110110101
1100010100001001
0111111110000000
0001101010001101
1011000010000101
0010100000010001
1000000000000000
1100010000111100
1111111110000000
0000000000000000
0001001111101101
0111010111001100
1110101000110010
0000000000000000
0101011010010010
1000000000000000
1000101000001110
1001110101010110
1100000100101010
0100001011111101
0111111110000000
0001101100101001
0000110101011011
0001010000010100
1110110001010010
0111001110001001
1111000100101100
1110001010100110
0101010001101000
1000000000000000
1000000000000000
0010001101011010
0111111110000000
0100011101100001
1000000000000000
0100011000000001
1101010001010110
0111111110000000
1010110010011100
0001010010110011
0000000000000000
1000000000000000
1110111000001101
0100001000000110
0111000010000000
1010100001011100
0010011010100001
0111000110011010
1001010010101010
1100010110011001
0011001100101111
1111111110000000
1110100100111000
0010100010111100
0111111110000000
1101001101100011
0111010110001111
0011100000000001
1011110110001010
1000000000000000
1010000000010000
1100101100101111
1111000010110011
0011111010110000
0000011100110110
0010111011011001
0000000000000000
1000000000000000
0000011000000001
1000000100001100
0010011111001000
1111111110000000
1011110100011100
1010110100010100
1011111110110000
0011101001110111
1111111110000000
0111111110000000
1011100011000001
1110001000100101
1000000000000000
1001101111011001
1110001111111001
0000000000000000
0101101011111110
0100001101111111
0011110100010001
1111001100110011
1111111110000000
0001001100101100
0000101100011111
1000000000000000
0101000000111101
0000000000000000
0010110100110000
0000111000111111
0000000000000000
1010110100010111
0101100010110110
0011011011111101
0000000000000000
0100011000100101
1100011100011011
0001111100100001
1111101111010101
0111111110000000
1101100000111000
0111110100011001
1011000111010001
1011111110100101
1011011011110101
1010111010101010
1100011100101000
0000000000000000
0100000100100001
0111111110000000
0110001010001011
1110011000001011
1110011000000111
0011111000110111
1010001111011101
0000000000000000
1111111110000000
1000000111000110
0010100100100110
1001010100100000
0111110010000100
0011101001110110
0111101011111101
0000000000000000
0111000101001001
1111111110000000
1101100100011101
0000000000000000
0111111110000000
0010100011001011
1101110010100110
0010101100001000
0001010000101101
1011000000110111
0100011100110011
1111111110000000
1111010010010000
0111111110000000
1001100110111011
0000000000000000
1001011001111110
0011110111001101
1010001001001111
0111001110111011
1111111110000000
0001100100110110
0110111000110110
0000100011001001
1010000110011000
0000000000000000
0010110100011110
0000000000000000
0111011000011100
1011011110101111
1100100110001100
1000101011100110
1000110010100010
1111000100001110
1100100000010010
1100110001001110
0111111110000000
1110110011101011
0000000000000000
0100101110100010
1000000000000000
0110011100000100
0000000000000000
0001001000101000
1101011010011001
1011011110000001
0111100011010110
0000010111000100
1110101110101000
0011011000100001
1111111110000000
1001011111000100
1000000100011011
1000000000000000
0010010100000100
1011110101100101
1000000000000000
0000000000000000
0011010100000011
1010010110010111
0101010010101010
1100011100000110
1010110011101111
1010110101100111
0011101100100110
1000000000000000
1101000100110011
1101100010010100
0110111101101111
1011111110001001
0100011110000111
1000000000000000
1000000011110000
1000101100110001
0000111111111100
0111100100000001
1101110000000001
1110010010111100
0010100001001001
0111111110000000
1100001010110100
0001111011101111
0111010010001011
1100011001011101
1010010000110101
0101111000000111
1000000000000000
0101110001000000
0110010011010110
1000000000000000
0000011010000000
1110011001110011
1001100111001000
1100000101111111
0101011101110011
0011011010011111
0010000101110001
0111111110000000
1111111110000000
0110111011110001
0111111110000000
1111111110000000
1100001010110010
0011111000011011
0000100100101010
0000111001100111
1111111110000000
1011010011100111
0100000100010011
1010101100011010
0111111110000000
1010000010100101
1100110010000110
0000000000000000
1001110100100011
1100110011110011
0110100001011101
0100000010011100
1000000000000000
0010111101011001
0100111100110111
1000000000000000
1010001101110010
1010101000000001
1010100101011100
1000000000000000
0000000000000000
0000101011000000
1010011000010010
1101100110100010
1001101010011101
0100010000100010
1101000110101000
1101001001110011
0010110010001100
1010001100000101
1100000001110000
1000000000000000
0111111110000000
1000011111000010
1001100110010001
1010111011011101
1000000000000000
0000001101101110
1000000000000000
0010101011111000
1001000000110010
1100001010010110
1111111001100000
1111111000011000
1101111110100110
1011000001000011
0000010000000111
1000000000000000
1101111101110100
1000000000000000
1111111110000000
1110111101110111
0000000000000000
1111111100111100
1111111110000000
0000111110100100
1100111101011001
1100100100101010
0010010010010000
0001010010100101
0110101110011111
1100100011111100
0001101011101100
1000101110011011
0111111110000000
1101011000110011
0011100110000110
1010000100010010
0001010100100001
0001010001110101
0001110100101000
1100100010010100
1111111110000000
1111111110000000
1110111010101100
0101101011010111
0100100011011000
0110011010110001
0100101000000010
0011000000001000
1000000000000000
1010010010110100
0000000000000000
1011111101110001
1000000000000000
0101011100011000
1100101001000000
1100101111110111
1001010010111100
0000000000000000
1111111110000000
1110001011010000
1001011111010110
0110000110001000
0100010100100010
1111101101011001
0000000000000000
0000000000000000
0111100010110111
1011010101001010
1111001001101001
0101101110011110
0100001110111000
0111111110000000
0010101001010110
0011110100000011
0000000000000000
0001111111000110
1100110001111100
0001011101100000
1011000100000101
0111111110000000
0111111110000000
1100001011011110
1000001110000100
0100011001000110
0100011100101100
1011110000011000
0111010010000101
0100111000111111
0011111000001001
1011011010001001
0111011101010110
0110111010101111
1000000000000000
1111001000011101
1011000000000101
1001111101011110
0110001100010100
0111000001111101
1110001110100110
0000000000000000
0100111100101101
1100010101100111
0100100100100010
0000000000000000
0100000111011001
0011100011111010
1100101100110001
0100110001011011
1110100010101111
0000010010110100
1111111110000000
0011110010000101
1011100011001001
1011110111110010
0000001101111000
1110001001001110
0001110001011101
0100110000000010
1001000100101110
1111111110000000
0001010100000011
1100010110110111
0000000000000000
1100001000010110
1101000000110111
0110101100010110
0111011100011000
1111001101000101
1011010000010001
1111111110000000
1110011001110001
0010000000100101
0110010101111110
1000111001110110
0000000111011101
1111111110000000
0100110101011011
1000011111110110
0110110000111101
0111100001011110
0001100111100110
0110111101000110
0110110001101001
0111011000101101
1101100010000000
1100111101111110
0100111011011001
0000000110000011
1011001110010110
1000001100010100
1101110111010001
1000110001000011
0100010110110010
1101111001010000
1110011010011011
0100001110101111
1011101010000001
0010011110011110
1101110010101001
1000000000000000
1010110101001011
1011000001110101
1101011000110101
1111101011010000
0011010100110011
1110000111000111
0111111110000000
0010000011000111
1011000110011010
0110000011010110
0010000100000000
1010011100000110
1111111000100001
0000011010011010
0000110100110111
1011001100010011
1101111100100001
1000011100101100
1010100110011100
